-3.2414E-03  0.0000E+00
-3.1878E-03  0.0000E+00
-3.1342E-03  8.6275E-06
-3.0806E-03  4.7525E-05
-3.0270E-03  4.7114E-05
-2.9735E-03  1.9574E-05
-2.9199E-03  1.1098E-05
-2.8663E-03  6.3639E-06
-2.8127E-03  6.3747E-06
-2.7592E-03  7.4809E-06
-2.7056E-03  1.7557E-05
-2.6520E-03  2.5447E-05
-2.5984E-03  3.2842E-05
-2.5449E-03  9.2466E-05
-2.4913E-03  1.9929E-04
-2.4377E-03  3.8017E-04
-2.3841E-03  5.6048E-04
-2.3306E-03  8.1890E-04
-2.2770E-03  1.0705E-03
-2.2234E-03  1.3955E-03
-2.1698E-03  1.7685E-03
-2.1163E-03  2.1946E-03
-2.0627E-03  2.6273E-03
-2.0091E-03  3.1222E-03
-1.9555E-03  3.6302E-03
-1.9020E-03  4.1623E-03
-1.8484E-03  4.7935E-03
-1.7948E-03  5.4261E-03
-1.7412E-03  6.0795E-03
-1.6876E-03  6.8216E-03
-1.6341E-03  7.6339E-03
-1.5805E-03  8.4276E-03
-1.5269E-03  9.1958E-03
-1.4733E-03  9.9665E-03
-1.4198E-03  1.0713E-02
-1.3662E-03  1.1614E-02
-1.3126E-03  1.2418E-02
-1.2590E-03  1.3129E-02
-1.2055E-03  1.3817E-02
-1.1519E-03  1.4572E-02
-1.0983E-03  1.5008E-02
-1.0447E-03  1.5233E-02
-9.9116E-04  1.5556E-02
-9.3758E-04  1.5863E-02
-8.8401E-04  1.6215E-02
-8.3043E-04  1.6500E-02
-7.7685E-04  1.7024E-02
-7.2328E-04  1.7340E-02
-6.6970E-04  1.7550E-02
-6.1612E-04  1.7787E-02
-5.6255E-04  1.7961E-02
-5.0897E-04  1.8084E-02
-4.5540E-04  1.8204E-02
-4.0182E-04  1.8355E-02
-3.4824E-04  1.8448E-02
-2.9467E-04  1.8550E-02
-2.4109E-04  1.8630E-02
-1.8752E-04  1.8677E-02
-1.3394E-04  1.8695E-02
-8.0364E-05  1.8761E-02
-2.6788E-05  1.8760E-02
2.6788E-05  1.8744E-02
8.0364E-05  1.8772E-02
1.3394E-04  1.8740E-02
1.8752E-04  1.8679E-02
2.4109E-04  1.8556E-02
2.9467E-04  1.8463E-02
3.4824E-04  1.8314E-02
4.0182E-04  1.8107E-02
4.5540E-04  1.7862E-02
5.0897E-04  1.7556E-02
5.6255E-04  1.7247E-02
6.1612E-04  1.6935E-02
6.6970E-04  1.6604E-02
7.2328E-04  1.6146E-02
7.7685E-04  1.5553E-02
8.3043E-04  1.4874E-02
8.8401E-04  1.4448E-02
9.3758E-04  1.3977E-02
9.9116E-04  1.3562E-02
1.0447E-03  1.3128E-02
1.0983E-03  1.2799E-02
1.1519E-03  1.2153E-02
1.2055E-03  1.1451E-02
1.2590E-03  1.0763E-02
1.3126E-03  1.0030E-02
1.3662E-03  9.3656E-03
1.4198E-03  8.7243E-03
1.4733E-03  8.1113E-03
1.5269E-03  7.4424E-03
1.5805E-03  6.7831E-03
1.6341E-03  6.1470E-03
1.6876E-03  5.5484E-03
1.7412E-03  4.9658E-03
1.7948E-03  4.4091E-03
1.8484E-03  3.9044E-03
1.9020E-03  3.4160E-03
1.9555E-03  2.9494E-03
2.0091E-03  2.4863E-03
2.0627E-03  2.0997E-03
2.1163E-03  1.7228E-03
2.1698E-03  1.3344E-03
2.2234E-03  9.7458E-04
2.2770E-03  6.4612E-04
2.3306E-03  4.3696E-04
2.3841E-03  3.1398E-04
2.4377E-03  2.1193E-04
2.4913E-03  1.3118E-04
2.5449E-03  1.0004E-04
2.5984E-03  6.4819E-05
2.6520E-03  4.9865E-05
2.7056E-03  2.7956E-05
2.7592E-03  2.1461E-05
2.8127E-03  1.1274E-05
2.8663E-03  8.5807E-06
2.9199E-03  9.3346E-06
2.9735E-03  1.5714E-05
3.0270E-03  3.1118E-05
3.0806E-03  8.8732E-06
3.1342E-03  1.8351E-06
3.1878E-03  6.6567E-08
3.2414E-03  0.0000E+00
