-6.6533E-03  0.0000E+00
-6.5501E-03  6.9908E-05
-6.4470E-03  7.8588E-05
-6.3438E-03  3.2649E-05
-6.2407E-03  2.3728E-05
-6.1375E-03  2.4198E-05
-6.0344E-03  2.0436E-05
-5.9312E-03  2.3141E-05
-5.8281E-03  2.8154E-05
-5.7249E-03  3.4681E-05
-5.6218E-03  5.2207E-05
-5.5186E-03  7.5080E-05
-5.4155E-03  1.2686E-04
-5.3123E-03  2.0116E-04
-5.2092E-03  3.5507E-04
-5.1060E-03  6.1008E-04
-5.0029E-03  9.0858E-04
-4.8997E-03  1.2434E-03
-4.7966E-03  1.5953E-03
-4.6934E-03  1.9503E-03
-4.5903E-03  2.2607E-03
-4.4871E-03  2.5693E-03
-4.3840E-03  2.8349E-03
-4.2808E-03  3.1351E-03
-4.1777E-03  3.4640E-03
-4.0745E-03  3.8478E-03
-3.9713E-03  4.2567E-03
-3.8682E-03  4.7196E-03
-3.7650E-03  5.2282E-03
-3.6619E-03  5.7493E-03
-3.5587E-03  6.2861E-03
-3.4556E-03  6.8181E-03
-3.3524E-03  7.3726E-03
-3.2493E-03  7.8940E-03
-3.1461E-03  8.4383E-03
-3.0430E-03  8.9827E-03
-2.9398E-03  9.5268E-03
-2.8367E-03  1.0063E-02
-2.7335E-03  1.0622E-02
-2.6304E-03  1.1171E-02
-2.5272E-03  1.1669E-02
-2.4241E-03  1.2168E-02
-2.3209E-03  1.2633E-02
-2.2178E-03  1.3097E-02
-2.1146E-03  1.3589E-02
-2.0115E-03  1.4072E-02
-1.9083E-03  1.4602E-02
-1.8052E-03  1.5097E-02
-1.7020E-03  1.5522E-02
-1.5989E-03  1.5830E-02
-1.4957E-03  1.6087E-02
-1.3926E-03  1.6527E-02
-1.2894E-03  1.6592E-02
-1.1862E-03  1.6575E-02
-1.0831E-03  1.6597E-02
-9.7994E-04  1.6583E-02
-8.7679E-04  1.6575E-02
-7.7364E-04  1.6568E-02
-6.7049E-04  1.6499E-02
-5.6734E-04  1.6410E-02
-4.6418E-04  1.6367E-02
-3.6103E-04  1.6259E-02
-2.5788E-04  1.6150E-02
-1.5473E-04  1.6089E-02
-5.1576E-05  1.6033E-02
5.1576E-05  1.5997E-02
1.5473E-04  1.5988E-02
2.5788E-04  1.5989E-02
3.6103E-04  1.5961E-02
4.6418E-04  1.5942E-02
5.6734E-04  1.5909E-02
6.7049E-04  1.5900E-02
7.7364E-04  1.5841E-02
8.7679E-04  1.5822E-02
9.7994E-04  1.5770E-02
1.0831E-03  1.5655E-02
1.1862E-03  1.5485E-02
1.2894E-03  1.5279E-02
1.3926E-03  1.5042E-02
1.4957E-03  1.4696E-02
1.5989E-03  1.4306E-02
1.7020E-03  1.3557E-02
1.8052E-03  1.3021E-02
1.9083E-03  1.2695E-02
2.0115E-03  1.2408E-02
2.1146E-03  1.2086E-02
2.2178E-03  1.1771E-02
2.3209E-03  1.1406E-02
2.4241E-03  1.1040E-02
2.5272E-03  1.0657E-02
2.6304E-03  1.0244E-02
2.7335E-03  9.8495E-03
2.8367E-03  9.4264E-03
2.9398E-03  8.9996E-03
3.0430E-03  8.5577E-03
3.1461E-03  8.0628E-03
3.2493E-03  7.6133E-03
3.3524E-03  7.0867E-03
3.4556E-03  6.5853E-03
3.5587E-03  6.0593E-03
3.6619E-03  5.5844E-03
3.7650E-03  5.1268E-03
3.8682E-03  4.7017E-03
3.9713E-03  4.3777E-03
4.0745E-03  3.9870E-03
4.1777E-03  3.6209E-03
4.2808E-03  3.2389E-03
4.3840E-03  2.8242E-03
4.4871E-03  2.3832E-03
4.5903E-03  1.9299E-03
4.6934E-03  1.5055E-03
4.7966E-03  1.1107E-03
4.8997E-03  7.4551E-04
5.0029E-03  4.5696E-04
5.1060E-03  2.8046E-04
5.2092E-03  1.8595E-04
5.3123E-03  1.0860E-04
5.4155E-03  7.0845E-05
5.5186E-03  4.9341E-05
5.6218E-03  3.9379E-05
5.7249E-03  2.2341E-05
5.8281E-03  1.6421E-05
5.9312E-03  1.1061E-05
6.0344E-03  1.0636E-05
6.1375E-03  8.2707E-06
6.2407E-03  6.4475E-06
6.3438E-03  2.8831E-06
6.4470E-03  0.0000E+00
6.5501E-03  0.0000E+00
6.6533E-03  0.0000E+00
