-3.7444E-03  0.0000E+00
-3.6905E-03  0.0000E+00
-3.6366E-03  1.1135E-06
-3.5827E-03  4.4104E-06
-3.5289E-03  6.9019E-06
-3.4750E-03  8.3001E-06
-3.4211E-03  8.6933E-06
-3.3672E-03  1.0793E-05
-3.3134E-03  1.1100E-05
-3.2595E-03  1.3579E-05
-3.2056E-03  1.8407E-05
-3.1517E-03  2.8696E-05
-3.0978E-03  4.1335E-05
-3.0440E-03  7.0753E-05
-2.9901E-03  1.0506E-04
-2.9362E-03  1.6088E-04
-2.8823E-03  2.3599E-04
-2.8285E-03  3.5550E-04
-2.7746E-03  5.1728E-04
-2.7207E-03  7.2230E-04
-2.6668E-03  9.3103E-04
-2.6130E-03  1.1617E-03
-2.5591E-03  1.4182E-03
-2.5052E-03  1.7269E-03
-2.4513E-03  2.0853E-03
-2.3975E-03  2.4608E-03
-2.3436E-03  2.8714E-03
-2.2897E-03  3.2807E-03
-2.2358E-03  3.6908E-03
-2.1820E-03  4.1186E-03
-2.1281E-03  4.5396E-03
-2.0742E-03  4.9643E-03
-2.0203E-03  5.3976E-03
-1.9665E-03  5.8652E-03
-1.9126E-03  6.3161E-03
-1.8587E-03  6.7998E-03
-1.8048E-03  7.2659E-03
-1.7510E-03  7.7701E-03
-1.6971E-03  8.2320E-03
-1.6432E-03  8.7155E-03
-1.5893E-03  9.1804E-03
-1.5355E-03  9.6624E-03
-1.4816E-03  1.0151E-02
-1.4277E-03  1.0639E-02
-1.3738E-03  1.1107E-02
-1.3200E-03  1.1605E-02
-1.2661E-03  1.2106E-02
-1.2122E-03  1.2547E-02
-1.1583E-03  1.2910E-02
-1.1045E-03  1.3153E-02
-1.0506E-03  1.3344E-02
-9.9670E-04  1.3606E-02
-9.4282E-04  1.3871E-02
-8.8895E-04  1.4197E-02
-8.3507E-04  1.4472E-02
-7.8120E-04  1.4603E-02
-7.2732E-04  1.4746E-02
-6.7345E-04  1.4884E-02
-6.1957E-04  1.5003E-02
-5.6569E-04  1.5116E-02
-5.1182E-04  1.5226E-02
-4.5794E-04  1.5343E-02
-4.0407E-04  1.5434E-02
-3.5019E-04  1.5512E-02
-2.9632E-04  1.5576E-02
-2.4244E-04  1.5664E-02
-1.8856E-04  1.5704E-02
-1.3469E-04  1.5762E-02
-8.0813E-05  1.5827E-02
-2.6938E-05  1.5853E-02
2.6938E-05  1.5847E-02
8.0813E-05  1.5822E-02
1.3469E-04  1.5825E-02
1.8856E-04  1.5786E-02
2.4244E-04  1.5734E-02
2.9632E-04  1.5666E-02
3.5019E-04  1.5574E-02
4.0407E-04  1.5469E-02
4.5794E-04  1.5329E-02
5.1182E-04  1.5188E-02
5.6569E-04  1.5021E-02
6.1957E-04  1.4849E-02
6.7345E-04  1.4653E-02
7.2732E-04  1.4437E-02
7.8120E-04  1.4196E-02
8.3507E-04  1.3931E-02
8.8895E-04  1.3613E-02
9.4282E-04  1.3287E-02
9.9670E-04  1.3050E-02
1.0506E-03  1.2810E-02
1.1045E-03  1.2555E-02
1.1583E-03  1.2273E-02
1.2122E-03  1.1819E-02
1.2661E-03  1.1418E-02
1.3200E-03  1.0992E-02
1.3738E-03  1.0568E-02
1.4277E-03  1.0118E-02
1.4816E-03  9.6701E-03
1.5355E-03  9.2119E-03
1.5893E-03  8.7752E-03
1.6432E-03  8.3655E-03
1.6971E-03  7.9544E-03
1.7510E-03  7.5240E-03
1.8048E-03  7.1153E-03
1.8587E-03  6.6983E-03
1.9126E-03  6.2726E-03
1.9665E-03  5.8507E-03
2.0203E-03  5.4121E-03
2.0742E-03  4.9747E-03
2.1281E-03  4.5375E-03
2.1820E-03  4.1020E-03
2.2358E-03  3.7130E-03
2.2897E-03  3.3085E-03
2.3436E-03  2.8772E-03
2.3975E-03  2.4573E-03
2.4513E-03  2.0977E-03
2.5052E-03  1.7606E-03
2.5591E-03  1.4974E-03
2.6130E-03  1.2534E-03
2.6668E-03  1.0493E-03
2.7207E-03  8.7005E-04
2.7746E-03  6.6831E-04
2.8285E-03  4.9389E-04
2.8823E-03  3.1537E-04
2.9362E-03  1.9439E-04
2.9901E-03  1.2145E-04
3.0440E-03  7.6882E-05
3.0978E-03  4.7870E-05
3.1517E-03  3.4213E-05
3.2056E-03  2.0047E-05
3.2595E-03  1.5455E-05
3.3134E-03  1.6222E-05
3.3672E-03  1.3192E-05
3.4211E-03  1.4509E-05
3.4750E-03  1.5000E-05
3.5289E-03  1.4397E-05
3.5827E-03  9.1580E-06
3.6366E-03  6.7018E-06
3.6905E-03  4.7368E-06
3.7444E-03  0.0000E+00
