-4.7274E-03  0.0000E+00
-4.6745E-03  0.0000E+00
-4.6217E-03  4.2555E-06
-4.5689E-03  6.5449E-06
-4.5161E-03  6.8839E-06
-4.4633E-03  7.5023E-06
-4.4104E-03  7.3237E-06
-4.3576E-03  6.3818E-06
-4.3048E-03  8.7869E-06
-4.2520E-03  9.5030E-06
-4.1992E-03  7.9336E-06
-4.1463E-03  1.1143E-05
-4.0935E-03  2.0398E-05
-4.0407E-03  2.7782E-05
-3.9879E-03  3.8825E-05
-3.9351E-03  5.8292E-05
-3.8822E-03  8.9582E-05
-3.8294E-03  1.3352E-04
-3.7766E-03  1.9157E-04
-3.7238E-03  2.6319E-04
-3.6710E-03  3.5671E-04
-3.6181E-03  4.7305E-04
-3.5653E-03  6.0459E-04
-3.5125E-03  7.3341E-04
-3.4597E-03  8.6806E-04
-3.4069E-03  1.0123E-03
-3.3540E-03  1.1627E-03
-3.3012E-03  1.3399E-03
-3.2484E-03  1.5210E-03
-3.1956E-03  1.7179E-03
-3.1428E-03  1.9343E-03
-3.0899E-03  2.1311E-03
-3.0371E-03  2.3723E-03
-2.9843E-03  2.6241E-03
-2.9315E-03  2.9051E-03
-2.8787E-03  3.1738E-03
-2.8258E-03  3.4425E-03
-2.7730E-03  3.7288E-03
-2.7202E-03  3.9902E-03
-2.6674E-03  4.2812E-03
-2.6146E-03  4.5516E-03
-2.5617E-03  4.8464E-03
-2.5089E-03  5.1329E-03
-2.4561E-03  5.3822E-03
-2.4033E-03  5.6488E-03
-2.3505E-03  5.9067E-03
-2.2977E-03  6.1726E-03
-2.2448E-03  6.4147E-03
-2.1920E-03  6.6406E-03
-2.1392E-03  6.8579E-03
-2.0864E-03  7.0597E-03
-2.0336E-03  7.2862E-03
-1.9807E-03  7.5045E-03
-1.9279E-03  7.7152E-03
-1.8751E-03  7.9126E-03
-1.8223E-03  8.1239E-03
-1.7695E-03  8.3188E-03
-1.7166E-03  8.5407E-03
-1.6638E-03  8.7489E-03
-1.6110E-03  8.9272E-03
-1.5582E-03  9.1330E-03
-1.5054E-03  9.3261E-03
-1.4525E-03  9.5161E-03
-1.3997E-03  9.6754E-03
-1.3469E-03  9.8362E-03
-1.2941E-03  9.9700E-03
-1.2413E-03  1.0087E-02
-1.1884E-03  1.0223E-02
-1.1356E-03  1.0416E-02
-1.0828E-03  1.0582E-02
-1.0300E-03  1.0642E-02
-9.7716E-04  1.0680E-02
-9.2434E-04  1.0708E-02
-8.7152E-04  1.0734E-02
-8.1870E-04  1.0779E-02
-7.6588E-04  1.0793E-02
-7.1306E-04  1.0819E-02
-6.6024E-04  1.0843E-02
-6.0743E-04  1.0879E-02
-5.5461E-04  1.0916E-02
-5.0179E-04  1.0943E-02
-4.4897E-04  1.0953E-02
-3.9615E-04  1.0989E-02
-3.4333E-04  1.0992E-02
-2.9051E-04  1.1013E-02
-2.3769E-04  1.1021E-02
-1.8487E-04  1.1035E-02
-1.3205E-04  1.1047E-02
-7.9229E-05  1.1065E-02
-2.6410E-05  1.1082E-02
2.6410E-05  1.1086E-02
7.9229E-05  1.1119E-02
1.3205E-04  1.1118E-02
1.8487E-04  1.1113E-02
2.3769E-04  1.1152E-02
2.9051E-04  1.1162E-02
3.4333E-04  1.1187E-02
3.9615E-04  1.1186E-02
4.4897E-04  1.1181E-02
5.0179E-04  1.1188E-02
5.5461E-04  1.1180E-02
6.0743E-04  1.1190E-02
6.6024E-04  1.1166E-02
7.1306E-04  1.1152E-02
7.6588E-04  1.1136E-02
8.1870E-04  1.1087E-02
8.7152E-04  1.1047E-02
9.2434E-04  1.1013E-02
9.7716E-04  1.0972E-02
1.0300E-03  1.0921E-02
1.0828E-03  1.0845E-02
1.1356E-03  1.0730E-02
1.1884E-03  1.0629E-02
1.2413E-03  1.0514E-02
1.2941E-03  1.0411E-02
1.3469E-03  1.0167E-02
1.3997E-03  9.9183E-03
1.4525E-03  9.6964E-03
1.5054E-03  9.5008E-03
1.5582E-03  9.3059E-03
1.6110E-03  9.0870E-03
1.6638E-03  8.8826E-03
1.7166E-03  8.6674E-03
1.7695E-03  8.4439E-03
1.8223E-03  8.2126E-03
1.8751E-03  7.9735E-03
1.9279E-03  7.7353E-03
1.9807E-03  7.5083E-03
2.0336E-03  7.2796E-03
2.0864E-03  7.0339E-03
2.1392E-03  6.7839E-03
2.1920E-03  6.5604E-03
2.2448E-03  6.3374E-03
2.2977E-03  6.1097E-03
2.3505E-03  5.8475E-03
2.4033E-03  5.5977E-03
2.4561E-03  5.3427E-03
2.5089E-03  5.0746E-03
2.5617E-03  4.8116E-03
2.6146E-03  4.5443E-03
2.6674E-03  4.2715E-03
2.7202E-03  4.0040E-03
2.7730E-03  3.7368E-03
2.8258E-03  3.4694E-03
2.8787E-03  3.2299E-03
2.9315E-03  2.9870E-03
2.9843E-03  2.7537E-03
3.0371E-03  2.5342E-03
3.0899E-03  2.3024E-03
3.1428E-03  2.0748E-03
3.1956E-03  1.8400E-03
3.2484E-03  1.6258E-03
3.3012E-03  1.4275E-03
3.3540E-03  1.2267E-03
3.4069E-03  1.0222E-03
3.4597E-03  8.6302E-04
3.5125E-03  7.1323E-04
3.5653E-03  5.6414E-04
3.6181E-03  4.3814E-04
3.6710E-03  3.4433E-04
3.7238E-03  2.5845E-04
3.7766E-03  1.9899E-04
3.8294E-03  1.5107E-04
3.8822E-03  1.0993E-04
3.9351E-03  6.9782E-05
3.9879E-03  4.2157E-05
4.0407E-03  3.1744E-05
4.0935E-03  2.9318E-05
4.1463E-03  1.9981E-05
4.1992E-03  1.0188E-05
4.2520E-03  8.6751E-06
4.3048E-03  8.0448E-06
4.3576E-03  8.8007E-06
4.4104E-03  1.1216E-05
4.4633E-03  1.2913E-05
4.5161E-03  1.7247E-05
4.5689E-03  7.0276E-06
4.6217E-03  2.6942E-06
4.6745E-03  5.6942E-06
4.7274E-03  0.0000E+00
