-2.5198E-03  0.0000E+00
-2.4699E-03  8.2530E-05
-2.4200E-03  5.9369E-05
-2.3701E-03  7.4257E-05
-2.3202E-03  5.8526E-05
-2.2703E-03  5.5589E-05
-2.2204E-03  7.5057E-05
-2.1705E-03  1.5080E-04
-2.1206E-03  1.5754E-04
-2.0707E-03  2.2778E-04
-2.0208E-03  3.4190E-04
-1.9709E-03  4.8981E-04
-1.9210E-03  7.0439E-04
-1.8711E-03  1.0526E-03
-1.8212E-03  1.5215E-03
-1.7713E-03  2.2191E-03
-1.7214E-03  3.0321E-03
-1.6715E-03  3.9188E-03
-1.6216E-03  4.8725E-03
-1.5717E-03  5.8160E-03
-1.5218E-03  6.7066E-03
-1.4719E-03  7.5513E-03
-1.4220E-03  8.3810E-03
-1.3721E-03  9.1015E-03
-1.3222E-03  9.8670E-03
-1.2724E-03  1.0578E-02
-1.2225E-03  1.1330E-02
-1.1726E-03  1.2117E-02
-1.1227E-03  1.2882E-02
-1.0728E-03  1.3542E-02
-1.0229E-03  1.4114E-02
-9.7298E-04  1.4766E-02
-9.2308E-04  1.5297E-02
-8.7318E-04  1.5803E-02
-8.2329E-04  1.6295E-02
-7.7339E-04  1.6681E-02
-7.2350E-04  1.7114E-02
-6.7360E-04  1.7355E-02
-6.2370E-04  1.7633E-02
-5.7381E-04  1.7868E-02
-5.2391E-04  1.8077E-02
-4.7401E-04  1.8271E-02
-4.2412E-04  1.8503E-02
-3.7422E-04  1.8655E-02
-3.2433E-04  1.8873E-02
-2.7443E-04  1.8974E-02
-2.2453E-04  1.9085E-02
-1.7464E-04  1.9205E-02
-1.2474E-04  1.9267E-02
-7.4844E-05  1.9313E-02
-2.4948E-05  1.9385E-02
2.4948E-05  1.9358E-02
7.4844E-05  1.9280E-02
1.2474E-04  1.9212E-02
1.7464E-04  1.9142E-02
2.2453E-04  1.9049E-02
2.7443E-04  1.8922E-02
3.2433E-04  1.8910E-02
3.7422E-04  1.8666E-02
4.2412E-04  1.8483E-02
4.7401E-04  1.8254E-02
5.2391E-04  1.8078E-02
5.7381E-04  1.7843E-02
6.2370E-04  1.7581E-02
6.7360E-04  1.7297E-02
7.2350E-04  1.6974E-02
7.7339E-04  1.6677E-02
8.2329E-04  1.6299E-02
8.7318E-04  1.5811E-02
9.2308E-04  1.5368E-02
9.7298E-04  1.4876E-02
1.0229E-03  1.4304E-02
1.0728E-03  1.3742E-02
1.1227E-03  1.3112E-02
1.1726E-03  1.2459E-02
1.2225E-03  1.1765E-02
1.2724E-03  1.1005E-02
1.3222E-03  1.0265E-02
1.3721E-03  9.4765E-03
1.4220E-03  8.7030E-03
1.4719E-03  7.8252E-03
1.5218E-03  6.9059E-03
1.5717E-03  5.9488E-03
1.6216E-03  4.9820E-03
1.6715E-03  4.0130E-03
1.7214E-03  3.1142E-03
1.7713E-03  2.2924E-03
1.8212E-03  1.6554E-03
1.8711E-03  1.2185E-03
1.9210E-03  8.6252E-04
1.9709E-03  6.3613E-04
2.0208E-03  4.6921E-04
2.0707E-03  3.2019E-04
2.1206E-03  2.7664E-04
2.1705E-03  2.3228E-04
2.2204E-03  1.4516E-04
2.2703E-03  1.3348E-04
2.3202E-03  1.2570E-04
2.3701E-03  1.4241E-04
2.4200E-03  9.4024E-05
2.4699E-03  1.8878E-04
2.5198E-03  0.0000E+00
