-2.6632E-03  0.0000E+00
-2.6327E-03  1.2633E-06
-2.6023E-03  1.3740E-06
-2.5719E-03  1.8101E-06
-2.5414E-03  1.9507E-06
-2.5110E-03  1.6546E-06
-2.4805E-03  1.3384E-06
-2.4501E-03  2.0653E-06
-2.4197E-03  4.2165E-06
-2.3892E-03  7.8033E-06
-2.3588E-03  1.4470E-05
-2.3284E-03  3.1590E-05
-2.2979E-03  4.9276E-05
-2.2675E-03  8.2717E-05
-2.2371E-03  1.3739E-04
-2.2066E-03  2.1417E-04
-2.1762E-03  3.0831E-04
-2.1457E-03  4.1680E-04
-2.1153E-03  5.3495E-04
-2.0849E-03  6.9662E-04
-2.0544E-03  8.7006E-04
-2.0240E-03  1.0700E-03
-1.9936E-03  1.3106E-03
-1.9631E-03  1.5820E-03
-1.9327E-03  1.8590E-03
-1.9023E-03  2.1261E-03
-1.8718E-03  2.4262E-03
-1.8414E-03  2.7143E-03
-1.8109E-03  3.0169E-03
-1.7805E-03  3.3099E-03
-1.7501E-03  3.5711E-03
-1.7196E-03  3.8838E-03
-1.6892E-03  4.1648E-03
-1.6588E-03  4.4517E-03
-1.6283E-03  4.7129E-03
-1.5979E-03  4.9743E-03
-1.5675E-03  5.2195E-03
-1.5370E-03  5.4563E-03
-1.5066E-03  5.6963E-03
-1.4762E-03  5.9237E-03
-1.4457E-03  6.1317E-03
-1.4153E-03  6.3562E-03
-1.3848E-03  6.5616E-03
-1.3544E-03  6.7473E-03
-1.3240E-03  6.9276E-03
-1.2935E-03  7.1351E-03
-1.2631E-03  7.3111E-03
-1.2327E-03  7.4930E-03
-1.2022E-03  7.6718E-03
-1.1718E-03  7.8056E-03
-1.1414E-03  7.9638E-03
-1.1109E-03  8.1310E-03
-1.0805E-03  8.2610E-03
-1.0500E-03  8.3583E-03
-1.0196E-03  8.4850E-03
-9.8917E-04  8.6094E-03
-9.5874E-04  8.7242E-03
-9.2830E-04  8.8322E-03
-8.9787E-04  8.9317E-03
-8.6743E-04  9.0261E-03
-8.3699E-04  9.1114E-03
-8.0656E-04  9.2182E-03
-7.7612E-04  9.2898E-03
-7.4568E-04  9.4051E-03
-7.1525E-04  9.4664E-03
-6.8481E-04  9.5560E-03
-6.5438E-04  9.6188E-03
-6.2394E-04  9.6598E-03
-5.9350E-04  9.7378E-03
-5.6307E-04  9.8042E-03
-5.3263E-04  9.8505E-03
-5.0220E-04  9.9095E-03
-4.7176E-04  9.9583E-03
-4.4132E-04  9.9931E-03
-4.1089E-04  1.0025E-02
-3.8045E-04  1.0061E-02
-3.5002E-04  1.0110E-02
-3.1958E-04  1.0163E-02
-2.8914E-04  1.0185E-02
-2.5871E-04  1.0224E-02
-2.2827E-04  1.0247E-02
-1.9783E-04  1.0258E-02
-1.6740E-04  1.0276E-02
-1.3696E-04  1.0312E-02
-1.0653E-04  1.0326E-02
-7.6090E-05  1.0330E-02
-4.5654E-05  1.0319E-02
-1.5218E-05  1.0338E-02
1.5218E-05  1.0347E-02
4.5654E-05  1.0327E-02
7.6090E-05  1.0287E-02
1.0653E-04  1.0272E-02
1.3696E-04  1.0282E-02
1.6740E-04  1.0275E-02
1.9783E-04  1.0251E-02
2.2827E-04  1.0218E-02
2.5871E-04  1.0180E-02
2.8914E-04  1.0142E-02
3.1958E-04  1.0107E-02
3.5002E-04  1.0072E-02
3.8045E-04  1.0054E-02
4.1089E-04  9.9957E-03
4.4132E-04  9.9267E-03
4.7176E-04  9.8625E-03
5.0220E-04  9.8228E-03
5.3263E-04  9.7678E-03
5.6307E-04  9.6775E-03
5.9350E-04  9.6311E-03
6.2394E-04  9.5625E-03
6.5438E-04  9.4669E-03
6.8481E-04  9.4099E-03
7.1525E-04  9.3638E-03
7.4568E-04  9.2701E-03
7.7612E-04  9.1655E-03
8.0656E-04  9.0939E-03
8.3699E-04  9.0100E-03
8.6743E-04  8.9071E-03
8.9787E-04  8.7847E-03
9.2830E-04  8.6841E-03
9.5874E-04  8.5599E-03
9.8917E-04  8.4162E-03
1.0196E-03  8.2972E-03
1.0500E-03  8.1525E-03
1.0805E-03  7.9792E-03
1.1109E-03  7.8595E-03
1.1414E-03  7.6941E-03
1.1718E-03  7.5244E-03
1.2022E-03  7.3650E-03
1.2327E-03  7.1946E-03
1.2631E-03  7.0355E-03
1.2935E-03  6.8565E-03
1.3240E-03  6.6857E-03
1.3544E-03  6.4964E-03
1.3848E-03  6.3067E-03
1.4153E-03  6.1011E-03
1.4457E-03  5.9034E-03
1.4762E-03  5.6901E-03
1.5066E-03  5.4720E-03
1.5370E-03  5.2381E-03
1.5675E-03  4.9828E-03
1.5979E-03  4.7533E-03
1.6283E-03  4.5005E-03
1.6588E-03  4.2328E-03
1.6892E-03  3.9813E-03
1.7196E-03  3.7146E-03
1.7501E-03  3.4456E-03
1.7805E-03  3.1738E-03
1.8109E-03  2.9007E-03
1.8414E-03  2.6318E-03
1.8718E-03  2.3423E-03
1.9023E-03  2.0901E-03
1.9327E-03  1.8363E-03
1.9631E-03  1.5693E-03
1.9936E-03  1.3338E-03
2.0240E-03  1.1337E-03
2.0544E-03  9.3647E-04
2.0849E-03  7.7515E-04
2.1153E-03  6.2665E-04
2.1457E-03  4.8850E-04
2.1762E-03  3.8748E-04
2.2066E-03  2.9773E-04
2.2371E-03  2.0892E-04
2.2675E-03  1.5177E-04
2.2979E-03  1.1560E-04
2.3284E-03  9.2803E-05
2.3588E-03  5.1169E-05
2.3892E-03  4.3305E-05
2.4197E-03  2.0068E-05
2.4501E-03  1.4512E-05
2.4805E-03  1.2118E-05
2.5110E-03  1.0099E-05
2.5414E-03  1.1990E-05
2.5719E-03  9.7961E-06
2.6023E-03  8.4190E-06
2.6327E-03  4.6991E-06
2.6632E-03  0.0000E+00
