-2.7757E-03  0.0000E+00
-2.7443E-03  1.5397E-06
-2.7129E-03  3.6214E-06
-2.6816E-03  2.9425E-06
-2.6502E-03  4.2717E-06
-2.6189E-03  1.1937E-05
-2.5875E-03  1.5222E-05
-2.5561E-03  1.2543E-05
-2.5248E-03  1.3669E-05
-2.4934E-03  1.9448E-05
-2.4620E-03  1.6185E-05
-2.4307E-03  1.8182E-05
-2.3993E-03  2.0976E-05
-2.3679E-03  2.2123E-05
-2.3366E-03  2.3036E-05
-2.3052E-03  2.3451E-05
-2.2739E-03  2.9123E-05
-2.2425E-03  2.9974E-05
-2.2111E-03  3.7103E-05
-2.1798E-03  4.7137E-05
-2.1484E-03  6.0649E-05
-2.1170E-03  8.2781E-05
-2.0857E-03  1.1071E-04
-2.0543E-03  1.5664E-04
-2.0229E-03  1.9219E-04
-1.9916E-03  2.4343E-04
-1.9602E-03  2.9601E-04
-1.9289E-03  3.6015E-04
-1.8975E-03  4.1819E-04
-1.8661E-03  5.0652E-04
-1.8348E-03  6.1451E-04
-1.8034E-03  7.3489E-04
-1.7720E-03  8.9259E-04
-1.7407E-03  1.0905E-03
-1.7093E-03  1.3064E-03
-1.6779E-03  1.5578E-03
-1.6466E-03  1.8165E-03
-1.6152E-03  2.0797E-03
-1.5839E-03  2.3721E-03
-1.5525E-03  2.6723E-03
-1.5211E-03  3.0028E-03
-1.4898E-03  3.3464E-03
-1.4584E-03  3.7298E-03
-1.4270E-03  4.1150E-03
-1.3957E-03  4.4989E-03
-1.3643E-03  4.9295E-03
-1.3329E-03  5.3639E-03
-1.3016E-03  5.8032E-03
-1.2702E-03  6.2443E-03
-1.2389E-03  6.6803E-03
-1.2075E-03  7.1652E-03
-1.1761E-03  7.7204E-03
-1.1448E-03  8.0877E-03
-1.1134E-03  8.3566E-03
-1.0820E-03  8.6171E-03
-1.0507E-03  8.8972E-03
-1.0193E-03  9.1670E-03
-9.8795E-04  9.4271E-03
-9.5659E-04  9.6855E-03
-9.2522E-04  9.9354E-03
-8.9386E-04  1.0198E-02
-8.6250E-04  1.0470E-02
-8.3113E-04  1.0835E-02
-7.9977E-04  1.1138E-02
-7.6841E-04  1.1356E-02
-7.3704E-04  1.1555E-02
-7.0568E-04  1.1746E-02
-6.7431E-04  1.1911E-02
-6.4295E-04  1.2076E-02
-6.1159E-04  1.2218E-02
-5.8022E-04  1.2326E-02
-5.4886E-04  1.2430E-02
-5.1750E-04  1.2524E-02
-4.8613E-04  1.2610E-02
-4.5477E-04  1.2658E-02
-4.2341E-04  1.2706E-02
-3.9204E-04  1.2754E-02
-3.6068E-04  1.2799E-02
-3.2932E-04  1.2820E-02
-2.9795E-04  1.2870E-02
-2.6659E-04  1.2891E-02
-2.3523E-04  1.2906E-02
-2.0386E-04  1.2927E-02
-1.7250E-04  1.2958E-02
-1.4114E-04  1.2975E-02
-1.0977E-04  1.2992E-02
-7.8409E-05  1.2987E-02
-4.7045E-05  1.3003E-02
-1.5682E-05  1.3008E-02
1.5682E-05  1.3002E-02
4.7045E-05  1.2996E-02
7.8409E-05  1.2980E-02
1.0977E-04  1.2979E-02
1.4114E-04  1.2976E-02
1.7250E-04  1.2951E-02
2.0386E-04  1.2902E-02
2.3523E-04  1.2852E-02
2.6659E-04  1.2776E-02
2.9795E-04  1.2711E-02
3.2932E-04  1.2618E-02
3.6068E-04  1.2514E-02
3.9204E-04  1.2408E-02
4.2341E-04  1.2275E-02
4.5477E-04  1.2148E-02
4.8613E-04  1.2042E-02
5.1750E-04  1.1905E-02
5.4886E-04  1.1784E-02
5.8022E-04  1.1643E-02
6.1159E-04  1.1501E-02
6.4295E-04  1.1357E-02
6.7431E-04  1.1193E-02
7.0568E-04  1.1051E-02
7.3704E-04  1.0905E-02
7.6841E-04  1.0770E-02
7.9977E-04  1.0608E-02
8.3113E-04  1.0292E-02
8.6250E-04  9.9652E-03
8.9386E-04  9.7250E-03
9.2522E-04  9.4781E-03
9.5659E-04  9.2528E-03
9.8795E-04  8.9845E-03
1.0193E-03  8.7238E-03
1.0507E-03  8.4524E-03
1.0820E-03  8.1683E-03
1.1134E-03  7.8855E-03
1.1448E-03  7.6568E-03
1.1761E-03  7.2646E-03
1.2075E-03  6.8600E-03
1.2389E-03  6.4527E-03
1.2702E-03  6.0194E-03
1.3016E-03  5.5905E-03
1.3329E-03  5.1659E-03
1.3643E-03  4.7760E-03
1.3957E-03  4.4041E-03
1.4270E-03  4.0164E-03
1.4584E-03  3.6607E-03
1.4898E-03  3.2792E-03
1.5211E-03  2.9270E-03
1.5525E-03  2.5865E-03
1.5839E-03  2.2614E-03
1.6152E-03  1.9617E-03
1.6466E-03  1.7013E-03
1.6779E-03  1.4583E-03
1.7093E-03  1.2449E-03
1.7407E-03  1.0269E-03
1.7720E-03  8.2437E-04
1.8034E-03  6.3733E-04
1.8348E-03  4.8474E-04
1.8661E-03  3.5921E-04
1.8975E-03  2.7329E-04
1.9289E-03  2.0165E-04
1.9602E-03  1.5831E-04
1.9916E-03  1.1722E-04
2.0229E-03  8.9045E-05
2.0543E-03  6.8024E-05
2.0857E-03  5.2677E-05
2.1170E-03  4.4798E-05
2.1484E-03  3.8602E-05
2.1798E-03  2.9903E-05
2.2111E-03  2.6084E-05
2.2425E-03  2.0819E-05
2.2739E-03  1.7115E-05
2.3052E-03  1.5232E-05
2.3366E-03  1.5379E-05
2.3679E-03  1.1993E-05
2.3993E-03  5.8103E-06
2.4307E-03  9.4038E-06
2.4620E-03  6.7725E-06
2.4934E-03  3.8092E-06
2.5248E-03  4.6829E-06
2.5561E-03  5.2025E-06
2.5875E-03  1.2283E-05
2.6189E-03  5.6974E-06
2.6502E-03  6.3977E-06
2.6816E-03  1.0328E-05
2.7129E-03  9.5864E-06
2.7443E-03  8.9560E-06
2.7757E-03  0.0000E+00
