-2.9089E-03  0.0000E+00
-2.8600E-03  4.2357E-07
-2.8111E-03  0.0000E+00
-2.7622E-03  1.4618E-05
-2.7133E-03  1.0120E-05
-2.6644E-03  2.2153E-05
-2.6155E-03  6.1405E-06
-2.5667E-03  3.9896E-06
-2.5178E-03  1.6280E-06
-2.4689E-03  4.0425E-06
-2.4200E-03  1.2125E-05
-2.3711E-03  1.2792E-05
-2.3222E-03  1.5978E-05
-2.2733E-03  3.8512E-05
-2.2244E-03  9.7400E-05
-2.1755E-03  2.1242E-04
-2.1267E-03  3.1567E-04
-2.0778E-03  5.2311E-04
-2.0289E-03  7.8794E-04
-1.9800E-03  1.1428E-03
-1.9311E-03  1.5641E-03
-1.8822E-03  2.0024E-03
-1.8333E-03  2.5194E-03
-1.7844E-03  3.1865E-03
-1.7356E-03  3.8985E-03
-1.6867E-03  4.6547E-03
-1.6378E-03  5.4549E-03
-1.5889E-03  6.3044E-03
-1.5400E-03  7.1230E-03
-1.4911E-03  8.0346E-03
-1.4422E-03  8.9140E-03
-1.3933E-03  9.8578E-03
-1.3444E-03  1.0624E-02
-1.2956E-03  1.1182E-02
-1.2467E-03  1.1682E-02
-1.1978E-03  1.2329E-02
-1.1489E-03  1.2816E-02
-1.1000E-03  1.3120E-02
-1.0511E-03  1.3442E-02
-1.0022E-03  1.3838E-02
-9.5333E-04  1.4287E-02
-9.0444E-04  1.4750E-02
-8.5555E-04  1.5273E-02
-8.0666E-04  1.5650E-02
-7.5778E-04  1.6113E-02
-7.0889E-04  1.6511E-02
-6.6000E-04  1.6844E-02
-6.1111E-04  1.7078E-02
-5.6222E-04  1.7326E-02
-5.1333E-04  1.7487E-02
-4.6444E-04  1.7595E-02
-4.1555E-04  1.7686E-02
-3.6667E-04  1.7798E-02
-3.1778E-04  1.7886E-02
-2.6889E-04  1.7928E-02
-2.2000E-04  1.8009E-02
-1.7111E-04  1.8096E-02
-1.2222E-04  1.8135E-02
-7.3333E-05  1.8201E-02
-2.4444E-05  1.8310E-02
2.4444E-05  1.8379E-02
7.3333E-05  1.8384E-02
1.2222E-04  1.8374E-02
1.7111E-04  1.8328E-02
2.2000E-04  1.8290E-02
2.6889E-04  1.8217E-02
3.1778E-04  1.8075E-02
3.6667E-04  1.7885E-02
4.1555E-04  1.7666E-02
4.6444E-04  1.7517E-02
5.1333E-04  1.7347E-02
5.6222E-04  1.7153E-02
6.1111E-04  1.7032E-02
6.6000E-04  1.6863E-02
7.0889E-04  1.6565E-02
7.5778E-04  1.6042E-02
8.0666E-04  1.5465E-02
8.5555E-04  1.4916E-02
9.0444E-04  1.4311E-02
9.5333E-04  1.3854E-02
1.0022E-03  1.3564E-02
1.0511E-03  1.3335E-02
1.1000E-03  1.3169E-02
1.1489E-03  1.2948E-02
1.1978E-03  1.2351E-02
1.2467E-03  1.1623E-02
1.2956E-03  1.0746E-02
1.3444E-03  9.9608E-03
1.3933E-03  9.1591E-03
1.4422E-03  8.2367E-03
1.4911E-03  7.1817E-03
1.5400E-03  6.0274E-03
1.5889E-03  4.9692E-03
1.6378E-03  4.1583E-03
1.6867E-03  3.5437E-03
1.7356E-03  2.9517E-03
1.7844E-03  2.4004E-03
1.8333E-03  1.8568E-03
1.8822E-03  1.4412E-03
1.9311E-03  1.0504E-03
1.9800E-03  7.0351E-04
2.0289E-03  4.7876E-04
2.0778E-03  2.8606E-04
2.1267E-03  1.5402E-04
2.1755E-03  9.6103E-05
2.2244E-03  5.6215E-05
2.2733E-03  4.1264E-05
2.3222E-03  2.4622E-05
2.3711E-03  1.0750E-05
2.4200E-03  1.1620E-05
2.4689E-03  7.2131E-06
2.5178E-03  5.7795E-06
2.5667E-03  7.0461E-06
2.6155E-03  1.0593E-05
2.6644E-03  3.0019E-05
2.7133E-03  5.3553E-06
2.7622E-03  3.4664E-07
2.8111E-03  4.9870E-07
2.8600E-03  2.5749E-06
2.9089E-03  0.0000E+00
