-2.6546E-03  0.0000E+00
-2.6169E-03  3.3834E-07
-2.5793E-03  5.6724E-07
-2.5416E-03  1.4980E-07
-2.5040E-03  2.1347E-06
-2.4663E-03  5.9617E-06
-2.4287E-03  7.8688E-06
-2.3910E-03  9.1955E-06
-2.3534E-03  8.6634E-06
-2.3157E-03  1.0078E-05
-2.2781E-03  1.1616E-05
-2.2404E-03  1.3043E-05
-2.2027E-03  1.4634E-05
-2.1651E-03  1.3360E-05
-2.1274E-03  1.4307E-05
-2.0898E-03  1.4192E-05
-2.0521E-03  1.5146E-05
-2.0145E-03  1.6578E-05
-1.9768E-03  1.7200E-05
-1.9392E-03  1.4914E-05
-1.9015E-03  2.8344E-05
-1.8639E-03  8.1440E-05
-1.8262E-03  1.4185E-04
-1.7886E-03  2.0058E-04
-1.7509E-03  3.0817E-04
-1.7132E-03  4.2898E-04
-1.6756E-03  5.9894E-04
-1.6379E-03  7.9200E-04
-1.6003E-03  1.0666E-03
-1.5626E-03  1.3870E-03
-1.5250E-03  1.6964E-03
-1.4873E-03  2.0317E-03
-1.4497E-03  2.3960E-03
-1.4120E-03  2.8783E-03
-1.3744E-03  3.4094E-03
-1.3367E-03  3.9996E-03
-1.2991E-03  4.5523E-03
-1.2614E-03  5.1780E-03
-1.2237E-03  5.8903E-03
-1.1861E-03  6.3003E-03
-1.1484E-03  6.8567E-03
-1.1108E-03  7.5223E-03
-1.0731E-03  8.2021E-03
-1.0355E-03  8.9174E-03
-9.9782E-04  9.5519E-03
-9.6017E-04  1.0184E-02
-9.2252E-04  1.0858E-02
-8.8486E-04  1.1812E-02
-8.4721E-04  1.2428E-02
-8.0956E-04  1.2997E-02
-7.7190E-04  1.3542E-02
-7.3425E-04  1.4090E-02
-6.9659E-04  1.4515E-02
-6.5894E-04  1.4931E-02
-6.2129E-04  1.5286E-02
-5.8363E-04  1.5638E-02
-5.4598E-04  1.5971E-02
-5.0833E-04  1.6294E-02
-4.7067E-04  1.6592E-02
-4.3302E-04  1.6892E-02
-3.9536E-04  1.7112E-02
-3.5771E-04  1.7288E-02
-3.2006E-04  1.7428E-02
-2.8240E-04  1.7515E-02
-2.4475E-04  1.7536E-02
-2.0710E-04  1.7562E-02
-1.6944E-04  1.7564E-02
-1.3179E-04  1.7624E-02
-9.4134E-05  1.7692E-02
-5.6481E-05  1.7716E-02
-1.8827E-05  1.7725E-02
1.8827E-05  1.7777E-02
5.6481E-05  1.7867E-02
9.4134E-05  1.7918E-02
1.3179E-04  1.7922E-02
1.6944E-04  1.7909E-02
2.0710E-04  1.7939E-02
2.4475E-04  1.7934E-02
2.8240E-04  1.7890E-02
3.2006E-04  1.7800E-02
3.5771E-04  1.7697E-02
3.9536E-04  1.7461E-02
4.3302E-04  1.7215E-02
4.7067E-04  1.6930E-02
5.0833E-04  1.6665E-02
5.4598E-04  1.6341E-02
5.8363E-04  1.5976E-02
6.2129E-04  1.5578E-02
6.5894E-04  1.5174E-02
6.9659E-04  1.4750E-02
7.3425E-04  1.4295E-02
7.7190E-04  1.3764E-02
8.0956E-04  1.3217E-02
8.4721E-04  1.2719E-02
8.8486E-04  1.2239E-02
9.2252E-04  1.1358E-02
9.6017E-04  1.0610E-02
9.9782E-04  9.9932E-03
1.0355E-03  9.4017E-03
1.0731E-03  8.9123E-03
1.1108E-03  8.4441E-03
1.1484E-03  7.9902E-03
1.1861E-03  7.5786E-03
1.2237E-03  7.2746E-03
1.2614E-03  6.5483E-03
1.2991E-03  5.6404E-03
1.3367E-03  4.7471E-03
1.3744E-03  3.9272E-03
1.4120E-03  3.1329E-03
1.4497E-03  2.5269E-03
1.4873E-03  2.0816E-03
1.5250E-03  1.7241E-03
1.5626E-03  1.3962E-03
1.6003E-03  1.1026E-03
1.6379E-03  9.1091E-04
1.6756E-03  7.6724E-04
1.7132E-03  6.4309E-04
1.7509E-03  5.5437E-04
1.7886E-03  4.7930E-04
1.8262E-03  4.1150E-04
1.8639E-03  3.5282E-04
1.9015E-03  2.6656E-04
1.9392E-03  1.9910E-04
1.9768E-03  1.2302E-04
2.0145E-03  6.4296E-05
2.0521E-03  1.8888E-05
2.0898E-03  2.3476E-05
2.1274E-03  2.9832E-05
2.1651E-03  4.1030E-05
2.2027E-03  4.7561E-05
2.2404E-03  5.3378E-05
2.2781E-03  5.6475E-05
2.3157E-03  5.9224E-05
2.3534E-03  6.2780E-05
2.3910E-03  3.8671E-05
2.4287E-03  2.3478E-05
2.4663E-03  7.9302E-06
2.5040E-03  1.1221E-06
2.5416E-03  0.0000E+00
2.5793E-03  0.0000E+00
2.6169E-03  0.0000E+00
2.6546E-03  0.0000E+00
