-2.5960E-03  0.0000E+00
-2.5616E-03  6.0679E-07
-2.5272E-03  4.2807E-08
-2.4928E-03  0.0000E+00
-2.4584E-03  0.0000E+00
-2.4240E-03  1.6365E-05
-2.3897E-03  1.1597E-05
-2.3553E-03  1.5867E-06
-2.3209E-03  3.1382E-06
-2.2865E-03  3.9201E-06
-2.2521E-03  2.6715E-06
-2.2177E-03  9.5699E-07
-2.1834E-03  9.2034E-07
-2.1490E-03  3.3874E-06
-2.1146E-03  6.0632E-06
-2.0802E-03  9.0456E-06
-2.0458E-03  1.7758E-05
-2.0114E-03  2.9017E-05
-1.9771E-03  4.8311E-05
-1.9427E-03  5.2038E-05
-1.9083E-03  7.4608E-05
-1.8739E-03  1.2194E-04
-1.8395E-03  2.0131E-04
-1.8051E-03  3.0402E-04
-1.7707E-03  4.2850E-04
-1.7364E-03  6.0029E-04
-1.7020E-03  7.4327E-04
-1.6676E-03  9.4081E-04
-1.6332E-03  1.1460E-03
-1.5988E-03  1.3774E-03
-1.5644E-03  1.6298E-03
-1.5301E-03  1.9177E-03
-1.4957E-03  2.2824E-03
-1.4613E-03  2.7037E-03
-1.4269E-03  3.1583E-03
-1.3925E-03  3.6022E-03
-1.3581E-03  4.0997E-03
-1.3238E-03  4.6970E-03
-1.2894E-03  5.2820E-03
-1.2550E-03  5.9785E-03
-1.2206E-03  6.6165E-03
-1.1862E-03  7.0042E-03
-1.1518E-03  7.5089E-03
-1.1175E-03  8.0235E-03
-1.0831E-03  8.5247E-03
-1.0487E-03  9.0214E-03
-1.0143E-03  9.4695E-03
-9.7993E-04  9.8955E-03
-9.4555E-04  1.0285E-02
-9.1116E-04  1.0743E-02
-8.7678E-04  1.1310E-02
-8.4240E-04  1.1907E-02
-8.0801E-04  1.2296E-02
-7.7363E-04  1.2676E-02
-7.3924E-04  1.3053E-02
-7.0486E-04  1.3388E-02
-6.7048E-04  1.3683E-02
-6.3609E-04  1.3947E-02
-6.0171E-04  1.4175E-02
-5.6733E-04  1.4415E-02
-5.3294E-04  1.4577E-02
-4.9856E-04  1.4727E-02
-4.6418E-04  1.4873E-02
-4.2979E-04  1.4962E-02
-3.9541E-04  1.5042E-02
-3.6103E-04  1.5117E-02
-3.2664E-04  1.5143E-02
-2.9226E-04  1.5180E-02
-2.5788E-04  1.5210E-02
-2.2349E-04  1.5226E-02
-1.8911E-04  1.5231E-02
-1.5473E-04  1.5273E-02
-1.2034E-04  1.5298E-02
-8.5959E-05  1.5328E-02
-5.1575E-05  1.5352E-02
-1.7192E-05  1.5361E-02
1.7192E-05  1.5398E-02
5.1575E-05  1.5441E-02
8.5959E-05  1.5441E-02
1.2034E-04  1.5463E-02
1.5473E-04  1.5477E-02
1.8911E-04  1.5475E-02
2.2349E-04  1.5449E-02
2.5788E-04  1.5391E-02
2.9226E-04  1.5345E-02
3.2664E-04  1.5280E-02
3.6103E-04  1.5177E-02
3.9541E-04  1.5073E-02
4.2979E-04  1.4936E-02
4.6418E-04  1.4782E-02
4.9856E-04  1.4603E-02
5.3294E-04  1.4383E-02
5.6733E-04  1.4130E-02
6.0171E-04  1.3886E-02
6.3609E-04  1.3602E-02
6.7048E-04  1.3317E-02
7.0486E-04  1.3018E-02
7.3924E-04  1.2678E-02
7.7363E-04  1.2340E-02
8.0801E-04  1.1937E-02
8.4240E-04  1.1555E-02
8.7678E-04  1.0974E-02
9.1116E-04  1.0301E-02
9.4555E-04  9.8487E-03
9.7993E-04  9.4151E-03
1.0143E-03  9.0148E-03
1.0487E-03  8.6125E-03
1.0831E-03  8.1646E-03
1.1175E-03  7.7726E-03
1.1518E-03  7.3996E-03
1.1862E-03  7.0191E-03
1.2206E-03  6.7554E-03
1.2550E-03  6.2440E-03
1.2894E-03  5.6173E-03
1.3238E-03  5.0139E-03
1.3581E-03  4.4554E-03
1.3925E-03  3.9292E-03
1.4269E-03  3.3936E-03
1.4613E-03  2.8873E-03
1.4957E-03  2.3695E-03
1.5301E-03  1.9016E-03
1.5644E-03  1.5025E-03
1.5988E-03  1.1986E-03
1.6332E-03  9.4787E-04
1.6676E-03  7.7532E-04
1.7020E-03  6.2184E-04
1.7364E-03  5.0619E-04
1.7707E-03  4.0566E-04
1.8051E-03  3.3440E-04
1.8395E-03  2.8012E-04
1.8739E-03  2.3626E-04
1.9083E-03  2.1478E-04
1.9427E-03  1.7721E-04
1.9771E-03  1.6055E-04
2.0114E-03  1.2152E-04
2.0458E-03  1.0556E-04
2.0802E-03  9.0189E-05
2.1146E-03  8.0604E-05
2.1490E-03  6.3749E-05
2.1834E-03  3.9729E-05
2.2177E-03  2.7755E-05
2.2521E-03  1.5544E-05
2.2865E-03  2.9488E-05
2.3209E-03  8.8300E-06
2.3553E-03  4.5220E-06
2.3897E-03  2.1657E-05
2.4240E-03  7.3708E-08
2.4584E-03  6.3627E-06
2.4928E-03  5.4396E-06
2.5272E-03  1.0064E-05
2.5616E-03  2.1334E-06
2.5960E-03  0.0000E+00
