 0.0000000E+00
 0.0000000E+00
 0.4283901E-04
 0.8819786E-04
 0.0000000E+00
 0.0000000E+00
 0.2015958E-04
 0.0000000E+00
 0.2015958E-04
 0.8819786E-04
 0.8819786E-04
 0.2015950E-03
 0.3376715E-03
 0.4283892E-03
 0.7459012E-03
 0.1222169E-02
 0.1607719E-02
 0.2242743E-02
 0.2855088E-02
 0.3354035E-02
 0.3966379E-02
 0.4442648E-02
 0.5077671E-02
 0.5803413E-02
 0.6279681E-02
 0.6960064E-02
 0.7345614E-02
 0.7935279E-02
 0.8547624E-02
 0.9069250E-02
 0.9636235E-02
 0.9885710E-02
 0.1033930E-01
 0.1056609E-01
 0.1081557E-01
 0.1099700E-01
 0.1117844E-01
 0.1135987E-01
 0.1126915E-01
 0.1142791E-01
 0.1140523E-01
 0.1133719E-01
 0.1145059E-01
 0.1149595E-01
 0.1147327E-01
 0.1147327E-01
 0.1149595E-01
 0.1142791E-01
 0.1131451E-01
 0.1138255E-01
 0.1126915E-01
 0.1104236E-01
 0.1099700E-01
 0.1083825E-01
 0.1065681E-01
 0.1067949E-01
 0.1058877E-01
 0.1049805E-01
 0.1038466E-01
 0.1029394E-01
 0.1020322E-01
 0.1024858E-01
 0.1020322E-01
 0.1027126E-01
 0.1020322E-01
 0.1015786E-01
 0.1008982E-01
 0.1013518E-01
 0.1024858E-01
 0.1031662E-01
 0.1036198E-01
 0.1043002E-01
 0.1058877E-01
 0.1056609E-01
 0.1065681E-01
 0.1074753E-01
 0.1095164E-01
 0.1104236E-01
 0.1120112E-01
 0.1133719E-01
 0.1154131E-01
 0.1170006E-01
 0.1183614E-01
 0.1213097E-01
 0.1219901E-01
 0.1242581E-01
 0.1253920E-01
 0.1269796E-01
 0.1285672E-01
 0.1290207E-01
 0.1292475E-01
 0.1299279E-01
 0.1299279E-01
 0.1290207E-01
 0.1281136E-01
 0.1265260E-01
 0.1242581E-01
 0.1219901E-01
 0.1190418E-01
 0.1149595E-01
 0.1117844E-01
 0.1081557E-01
 0.1045270E-01
 0.1008982E-01
 0.9772312E-02
 0.9409442E-02
 0.9023892E-02
 0.8456905E-02
 0.7867240E-02
 0.7300255E-02
 0.6619872E-02
 0.5984848E-02
 0.5417862E-02
 0.4714801E-02
 0.4125135E-02
 0.3467432E-02
 0.2900447E-02
 0.2401499E-02
 0.1766475E-02
 0.1040734E-02
 0.5191069E-03
 0.4057098E-03
 0.2469538E-03
 0.1789156E-03
 0.0000000E+00
 0.0000000E+00
 0.0000000E+00
 0.0000000E+00
 0.0000000E+00
 0.0000000E+00
 0.0000000E+00
 0.0000000E+00
 0.0000000E+00
 0.0000000E+00
 0.0000000E+00
 0.0000000E+00
 0.0000000E+00
 0.0000000E+00
 0.0000000E+00
 0.0000000E+00
