 0.0000000E+00
 0.0000000E+00
 0.0000000E+00
 0.0000000E+00
 0.4532980E-04
 0.0000000E+00
 0.9065969E-04
 0.4532980E-04
 0.4532980E-04
 0.6799475E-04
 0.6799475E-04
 0.1359896E-03
 0.1359896E-03
 0.1813195E-03
 0.2266494E-03
 0.3173091E-03
 0.4306339E-03
 0.4759638E-03
 0.5439586E-03
 0.5666235E-03
 0.5892885E-03
 0.7706080E-03
 0.9972574E-03
 0.1291902E-02
 0.1473221E-02
 0.1745201E-02
 0.2017180E-02
 0.2334489E-02
 0.2651799E-02
 0.2923778E-02
 0.3263752E-02
 0.3581061E-02
 0.3921035E-02
 0.4147685E-02
 0.4510324E-02
 0.4918293E-02
 0.5144943E-02
 0.5394257E-02
 0.5666236E-02
 0.5960880E-02
 0.6119535E-02
 0.6391515E-02
 0.6640829E-02
 0.6890143E-02
 0.7162123E-02
 0.7320777E-02
 0.7570092E-02
 0.7706081E-02
 0.7887401E-02
 0.8046055E-02
 0.8363364E-02
 0.8476689E-02
 0.8635344E-02
 0.8771334E-02
 0.8997983E-02
 0.9133972E-02
 0.9315292E-02
 0.9428617E-02
 0.9519277E-02
 0.9655266E-02
 0.9723261E-02
 0.9836586E-02
 0.9904581E-02
 0.1001791E-01
 0.1004057E-01
 0.1019922E-01
 0.1022189E-01
 0.1031255E-01
 0.1035788E-01
 0.1047120E-01
 0.1044854E-01
 0.1051653E-01
 0.1062986E-01
 0.1067519E-01
 0.1067519E-01
 0.1074318E-01
 0.1069785E-01
 0.1085651E-01
 0.1081118E-01
 0.1083384E-01
 0.1083384E-01
 0.1090184E-01
 0.1083384E-01
 0.1085651E-01
 0.1092450E-01
 0.1085651E-01
 0.1090184E-01
 0.1083384E-01
 0.1081118E-01
 0.1076585E-01
 0.1076585E-01
 0.1065252E-01
 0.1072052E-01
 0.1067519E-01
 0.1053920E-01
 0.1051653E-01
 0.1040321E-01
 0.1051653E-01
 0.1042587E-01
 0.1031255E-01
 0.1033521E-01
 0.1015390E-01
 0.1015390E-01
 0.1010856E-01
 0.9972575E-02
 0.9949910E-02
 0.9836586E-02
 0.9791256E-02
 0.9677932E-02
 0.9609937E-02
 0.9451282E-02
 0.9428617E-02
 0.9292628E-02
 0.9179302E-02
 0.9043313E-02
 0.8975318E-02
 0.8816663E-02
 0.8726004E-02
 0.8635344E-02
 0.8408695E-02
 0.8272705E-02
 0.8136715E-02
 0.7932731E-02
 0.7796741E-02
 0.7570092E-02
 0.7456767E-02
 0.7162123E-02
 0.7071462E-02
 0.6890143E-02
 0.6731489E-02
 0.6436844E-02
 0.6323520E-02
 0.6028875E-02
 0.5802226E-02
 0.5598241E-02
 0.5280932E-02
 0.5054282E-02
 0.4827633E-02
 0.4532989E-02
 0.4306340E-02
 0.3875705E-02
 0.3739716E-02
 0.3399742E-02
 0.3127762E-02
 0.2855783E-02
 0.2515809E-02
 0.2289159E-02
 0.1926520E-02
 0.1563881E-02
 0.1337232E-02
 0.1155912E-02
 0.9292627E-03
 0.6799483E-03
 0.4986287E-03
 0.3626390E-03
 0.1359896E-03
 0.9065969E-04
 0.2266486E-04
 0.0000000E+00
 0.0000000E+00
 0.0000000E+00
 0.0000000E+00
 0.0000000E+00
 0.0000000E+00
 0.0000000E+00
 0.0000000E+00
 0.0000000E+00
 0.0000000E+00
 0.0000000E+00
 0.0000000E+00
 0.0000000E+00
 0.0000000E+00
 0.0000000E+00
 0.0000000E+00
 0.0000000E+00
 0.0000000E+00
