 0.0000000E+00
 0.0000000E+00
 0.1012905E-04
 0.0000000E+00
 0.5570958E-04
 0.1012905E-04
 0.0000000E+00
 0.7849984E-04
 0.0000000E+00
 0.1012905E-04
 0.0000000E+00
 0.7849984E-04
 0.0000000E+00
 0.1696609E-03
 0.7849984E-04
 0.1240804E-03
 0.3064024E-03
 0.4887246E-03
 0.9673201E-03
 0.1764979E-02
 0.2722170E-02
 0.3610990E-02
 0.4955616E-02
 0.6209081E-02
 0.6915579E-02
 0.7872769E-02
 0.8761589E-02
 0.9445297E-02
 0.9992263E-02
 0.1056202E-01
 0.1099504E-01
 0.1145084E-01
 0.1163316E-01
 0.1204339E-01
 0.1211176E-01
 0.1229408E-01
 0.1247640E-01
 0.1259035E-01
 0.1265872E-01
 0.1263593E-01
 0.1270431E-01
 0.1265872E-01
 0.1256756E-01
 0.1252198E-01
 0.1245361E-01
 0.1231687E-01
 0.1195223E-01
 0.1176990E-01
 0.1156479E-01
 0.1147363E-01
 0.1124573E-01
 0.1108620E-01
 0.1081271E-01
 0.1051644E-01
 0.1024296E-01
 0.1001505E-01
 0.9764360E-02
 0.9468087E-02
 0.9194604E-02
 0.9012282E-02
 0.8807169E-02
 0.8647637E-02
 0.8442526E-02
 0.8282994E-02
 0.8169042E-02
 0.8077881E-02
 0.7963930E-02
 0.7918349E-02
 0.7781608E-02
 0.7713237E-02
 0.7599286E-02
 0.7508125E-02
 0.7599286E-02
 0.7485335E-02
 0.7599286E-02
 0.7644867E-02
 0.7804398E-02
 0.7941140E-02
 0.8032301E-02
 0.8214623E-02
 0.8419735E-02
 0.8579267E-02
 0.8761589E-02
 0.9012282E-02
 0.9217395E-02
 0.9513668E-02
 0.9604828E-02
 0.9946682E-02
 0.1019738E-01
 0.1053923E-01
 0.1074434E-01
 0.1108620E-01
 0.1126852E-01
 0.1149642E-01
 0.1172432E-01
 0.1186107E-01
 0.1199781E-01
 0.1199781E-01
 0.1186107E-01
 0.1192944E-01
 0.1190665E-01
 0.1176990E-01
 0.1165595E-01
 0.1179270E-01
 0.1176990E-01
 0.1170153E-01
 0.1165595E-01
 0.1154200E-01
 0.1135968E-01
 0.1115457E-01
 0.1076713E-01
 0.1035691E-01
 0.9923893E-02
 0.9422507E-02
 0.8921121E-02
 0.8169042E-02
 0.7599286E-02
 0.6733256E-02
 0.6049549E-02
 0.5251889E-02
 0.4385859E-02
 0.3155185E-02
 0.2197994E-02
 0.1354755E-02
 0.7849979E-03
 0.1924511E-03
 0.1012905E-04
 0.0000000E+00
 0.0000000E+00
 0.0000000E+00
 0.0000000E+00
 0.0000000E+00
 0.0000000E+00
 0.0000000E+00
 0.0000000E+00
 0.0000000E+00
 0.0000000E+00
 0.0000000E+00
 0.0000000E+00
 0.0000000E+00
 0.0000000E+00
 0.0000000E+00
