 0.0000000E+00
 0.7993562E-05
 0.0000000E+00
 0.3026110E-04
 0.0000000E+00
 0.0000000E+00
 0.5252864E-04
 0.1415988E-03
 0.7479617E-04
 0.7993562E-05
 0.5252864E-04
 0.1193312E-03
 0.9706371E-04
 0.2306689E-03
 0.3420066E-03
 0.6092170E-03
 0.1121370E-02
 0.1989804E-02
 0.2746901E-02
 0.3659870E-02
 0.4639641E-02
 0.5485808E-02
 0.6265171E-02
 0.7022268E-02
 0.7668026E-02
 0.8180180E-02
 0.8714600E-02
 0.9204486E-02
 0.9516232E-02
 0.9894780E-02
 0.1005065E-01
 0.1029560E-01
 0.1060734E-01
 0.1071868E-01
 0.1091909E-01
 0.1098589E-01
 0.1107496E-01
 0.1114176E-01
 0.1111949E-01
 0.1105269E-01
 0.1107496E-01
 0.1105269E-01
 0.1100816E-01
 0.1096362E-01
 0.1078548E-01
 0.1071868E-01
 0.1047374E-01
 0.1031786E-01
 0.1016199E-01
 0.1002839E-01
 0.9738907E-02
 0.9761175E-02
 0.9649837E-02
 0.9449429E-02
 0.9182218E-02
 0.9093149E-02
 0.8981811E-02
 0.8692333E-02
 0.8536460E-02
 0.8291517E-02
 0.8224715E-02
 0.8068842E-02
 0.7823899E-02
 0.7801631E-02
 0.7601224E-02
 0.7489886E-02
 0.7400816E-02
 0.7311746E-02
 0.7378548E-02
 0.7244943E-02
 0.7222676E-02
 0.7200408E-02
 0.7200408E-02
 0.7178140E-02
 0.7133605E-02
 0.7111338E-02
 0.7155873E-02
 0.7244943E-02
 0.7311746E-02
 0.7400816E-02
 0.7489886E-02
 0.7556689E-02
 0.7623491E-02
 0.7823899E-02
 0.8002039E-02
 0.8091110E-02
 0.8425123E-02
 0.8558728E-02
 0.8714600E-02
 0.8803670E-02
 0.9070881E-02
 0.9338092E-02
 0.9516232E-02
 0.9761175E-02
 0.9939315E-02
 0.1000612E-01
 0.1022879E-01
 0.1027333E-01
 0.1045147E-01
 0.1058507E-01
 0.1058507E-01
 0.1060734E-01
 0.1078548E-01
 0.1083002E-01
 0.1083002E-01
 0.1076321E-01
 0.1085228E-01
 0.1085228E-01
 0.1087455E-01
 0.1078548E-01
 0.1067414E-01
 0.1056281E-01
 0.1060734E-01
 0.1047374E-01
 0.1040693E-01
 0.1016199E-01
 0.9983851E-02
 0.9672104E-02
 0.9360359E-02
 0.8892741E-02
 0.8536460E-02
 0.8091110E-02
 0.7712562E-02
 0.7222676E-02
 0.6732790E-02
 0.6153834E-02
 0.5597145E-02
 0.4840049E-02
 0.4194290E-02
 0.3303589E-02
 0.2568760E-02
 0.1744861E-02
 0.1010033E-02
 0.7873573E-03
 0.3197391E-03
 0.5252864E-04
 0.0000000E+00
 0.0000000E+00
 0.0000000E+00
 0.0000000E+00
 0.0000000E+00
 0.0000000E+00
 0.0000000E+00
 0.0000000E+00
 0.0000000E+00
 0.0000000E+00
 0.0000000E+00
 0.0000000E+00
 0.0000000E+00
 0.0000000E+00
 0.0000000E+00
 0.0000000E+00
