 0.0000000E+00
 0.1033835E-04
 0.0000000E+00
 0.0000000E+00
 0.5612310E-04
 0.0000000E+00
 0.3323073E-04
 0.5612310E-04
 0.0000000E+00
 0.0000000E+00
 0.0000000E+00
 0.1019079E-03
 0.0000000E+00
 0.3323073E-04
 0.0000000E+00
 0.1019079E-03
 0.7901548E-04
 0.3323073E-04
 0.3323073E-04
 0.1033835E-04
 0.1476926E-03
 0.5597554E-03
 0.1109172E-02
 0.2917670E-02
 0.4680383E-02
 0.6649127E-02
 0.8846795E-02
 0.1104446E-01
 0.1264693E-01
 0.1383733E-01
 0.1470724E-01
 0.1592054E-01
 0.1640128E-01
 0.1649285E-01
 0.1660731E-01
 0.1644706E-01
 0.1637839E-01
 0.1640128E-01
 0.1644706E-01
 0.1637839E-01
 0.1624103E-01
 0.1642417E-01
 0.1637839E-01
 0.1656152E-01
 0.1653863E-01
 0.1642417E-01
 0.1596632E-01
 0.1573740E-01
 0.1507352E-01
 0.1484460E-01
 0.1429518E-01
 0.1408915E-01
 0.1363130E-01
 0.1360841E-01
 0.1358552E-01
 0.1365419E-01
 0.1369998E-01
 0.1390601E-01
 0.1386023E-01
 0.1363130E-01
 0.1335659E-01
 0.1335659E-01
 0.1317345E-01
 0.1324213E-01
 0.1331081E-01
 0.1331081E-01
 0.1351684E-01
 0.1374576E-01
 0.1404336E-01
 0.1452411E-01
 0.1516509E-01
 0.1603500E-01
 0.1646996E-01
 0.1685913E-01
 0.1711094E-01
 0.1713383E-01
 0.1706516E-01
 0.1672177E-01
 0.1642417E-01
 0.1592054E-01
 0.1548558E-01
 0.1532534E-01
 0.1505063E-01
 0.1475303E-01
 0.1454700E-01
 0.1408915E-01
 0.1363130E-01
 0.1287585E-01
 0.1207462E-01
 0.1109025E-01
 0.9991414E-02
 0.8503410E-02
 0.6763589E-02
 0.4817737E-02
 0.3238163E-02
 0.1818836E-02
 0.1223634E-02
 0.5597554E-03
 0.3537240E-03
 0.0000000E+00
 0.0000000E+00
 0.0000000E+00
 0.0000000E+00
 0.0000000E+00
 0.0000000E+00
 0.0000000E+00
 0.0000000E+00
 0.0000000E+00
 0.0000000E+00
 0.0000000E+00
 0.0000000E+00
 0.0000000E+00
 0.0000000E+00
 0.0000000E+00
 0.0000000E+00
 0.0000000E+00
 0.0000000E+00
 0.0000000E+00
 0.0000000E+00
 0.0000000E+00
