 0.6327014E-05
 0.0000000E+00
 0.1771529E-04
 0.0000000E+00
 0.0000000E+00
 0.0000000E+00
 0.2910357E-04
 0.0000000E+00
 0.2910357E-04
 0.6327014E-05
 0.0000000E+00
 0.6327014E-05
 0.0000000E+00
 0.6327014E-05
 0.1771529E-04
 0.4049185E-04
 0.4049185E-04
 0.9743324E-04
 0.2227043E-03
 0.3593637E-03
 0.5187996E-03
 0.8490597E-03
 0.1247649E-02
 0.1885393E-02
 0.2488972E-02
 0.3206433E-02
 0.4083331E-02
 0.4823569E-02
 0.5392983E-02
 0.5939620E-02
 0.6360986E-02
 0.6805129E-02
 0.7203719E-02
 0.7499814E-02
 0.7784521E-02
 0.8183111E-02
 0.8388100E-02
 0.8581701E-02
 0.8820854E-02
 0.9060008E-02
 0.9276385E-02
 0.9356104E-02
 0.9549704E-02
 0.9652199E-02
 0.9686364E-02
 0.9777470E-02
 0.9902741E-02
 0.9879964E-02
 0.9879964E-02
 0.9857188E-02
 0.9857188E-02
 0.9811635E-02
 0.9743305E-02
 0.9709140E-02
 0.9652199E-02
 0.9515540E-02
 0.9458598E-02
 0.9390268E-02
 0.9253609E-02
 0.9071397E-02
 0.8957514E-02
 0.8866408E-02
 0.8741137E-02
 0.8638642E-02
 0.8445041E-02
 0.8399488E-02
 0.8262829E-02
 0.8126169E-02
 0.7989510E-02
 0.7875627E-02
 0.7750356E-02
 0.7590920E-02
 0.7420096E-02
 0.7328990E-02
 0.7192330E-02
 0.7101224E-02
 0.6998730E-02
 0.6975953E-02
 0.6884847E-02
 0.6873459E-02
 0.6793741E-02
 0.6793741E-02
 0.6805129E-02
 0.6725411E-02
 0.6748188E-02
 0.6770964E-02
 0.6816518E-02
 0.6816518E-02
 0.6873459E-02
 0.6930400E-02
 0.7021506E-02
 0.7067060E-02
 0.7203719E-02
 0.7237884E-02
 0.7328990E-02
 0.7488426E-02
 0.7533979E-02
 0.7647862E-02
 0.7704803E-02
 0.7750356E-02
 0.7898404E-02
 0.8012286E-02
 0.8057840E-02
 0.8194499E-02
 0.8274217E-02
 0.8422265E-02
 0.8547536E-02
 0.8627254E-02
 0.8729748E-02
 0.8889184E-02
 0.9060008E-02
 0.9151114E-02
 0.9242221E-02
 0.9401657E-02
 0.9549704E-02
 0.9595257E-02
 0.9674976E-02
 0.9743305E-02
 0.9800247E-02
 0.9834412E-02
 0.9868576E-02
 0.9857188E-02
 0.9845800E-02
 0.9766081E-02
 0.9754693E-02
 0.9618034E-02
 0.9572481E-02
 0.9526928E-02
 0.9299162E-02
 0.9242221E-02
 0.9060008E-02
 0.8866408E-02
 0.8615865E-02
 0.8365324E-02
 0.8126169E-02
 0.7716191E-02
 0.7568144E-02
 0.7226496E-02
 0.6862070E-02
 0.6691246E-02
 0.6315433E-02
 0.5962397E-02
 0.5484089E-02
 0.5108276E-02
 0.4561638E-02
 0.4117496E-02
 0.3616411E-02
 0.3046997E-02
 0.2466195E-02
 0.1817063E-02
 0.1270426E-02
 0.7465651E-03
 0.3935285E-03
 0.1771512E-03
 0.0000000E+00
 0.0000000E+00
 0.0000000E+00
 0.0000000E+00
 0.0000000E+00
 0.0000000E+00
 0.0000000E+00
 0.0000000E+00
 0.0000000E+00
 0.0000000E+00
 0.0000000E+00
 0.0000000E+00
 0.0000000E+00
 0.0000000E+00
 0.0000000E+00
 0.0000000E+00
 0.0000000E+00
 0.0000000E+00
 0.0000000E+00
 0.0000000E+00
 0.0000000E+00
 0.0000000E+00
 0.0000000E+00
 0.0000000E+00
