 0.0000000E+00
 0.0000000E+00
 0.0000000E+00
 0.0000000E+00
 0.1723844E-03
 0.3925589E-04
 0.3925589E-04
 0.3925589E-04
 0.4386413E-03
 0.3498890E-03
 0.4386413E-03
 0.5273936E-03
 0.7492744E-03
 0.7048983E-03
 0.1059907E-02
 0.1459293E-02
 0.2169312E-02
 0.3411844E-02
 0.4610000E-02
 0.5541899E-02
 0.6518174E-02
 0.7627578E-02
 0.8470725E-02
 0.9136368E-02
 0.1015702E-01
 0.1091141E-01
 0.1184331E-01
 0.1255333E-01
 0.1352961E-01
 0.1419525E-01
 0.1499402E-01
 0.1543778E-01
 0.1614780E-01
 0.1668031E-01
 0.1699095E-01
 0.1734596E-01
 0.1774534E-01
 0.1796722E-01
 0.1805597E-01
 0.1827786E-01
 0.1849974E-01
 0.1854411E-01
 0.1894350E-01
 0.1903225E-01
 0.1920975E-01
 0.1916538E-01
 0.1920975E-01
 0.1943163E-01
 0.1925413E-01
 0.1912100E-01
 0.1903225E-01
 0.1916538E-01
 0.1898787E-01
 0.1889912E-01
 0.1876599E-01
 0.1872162E-01
 0.1823348E-01
 0.1823348E-01
 0.1778972E-01
 0.1765659E-01
 0.1743471E-01
 0.1721283E-01
 0.1690219E-01
 0.1668031E-01
 0.1641406E-01
 0.1597030E-01
 0.1561529E-01
 0.1548216E-01
 0.1517152E-01
 0.1490527E-01
 0.1432838E-01
 0.1384024E-01
 0.1357398E-01
 0.1308585E-01
 0.1237583E-01
 0.1179894E-01
 0.1122205E-01
 0.1064516E-01
 0.1006827E-01
 0.9358249E-02
 0.8603854E-02
 0.7627578E-02
 0.6695679E-02
 0.5586275E-02
 0.4698752E-02
 0.3678101E-02
 0.2746201E-02
 0.2036183E-02
 0.1548045E-02
 0.1059907E-02
 0.4830175E-03
 0.3498890E-03
 0.3942651E-03
 0.1723844E-03
 0.0000000E+00
 0.0000000E+00
 0.0000000E+00
 0.0000000E+00
 0.0000000E+00
 0.0000000E+00
 0.0000000E+00
 0.0000000E+00
