 0.0000000E+00
 0.0000000E+00
 0.5854102E-05
 0.7610601E-04
 0.2341708E-04
 0.0000000E+00
 0.5854303E-04
 0.9366898E-04
 0.1287949E-03
 0.2341728E-03
 0.3395506E-03
 0.5678693E-03
 0.7083731E-03
 0.1042070E-02
 0.1235262E-02
 0.1463581E-02
 0.1797278E-02
 0.2166100E-02
 0.2587611E-02
 0.2991560E-02
 0.3483323E-02
 0.3799457E-02
 0.4256094E-02
 0.5011302E-02
 0.6047518E-02
 0.6820288E-02
 0.7716000E-02
 0.8365830E-02
 0.9156165E-02
 0.9735743E-02
 0.1036801E-01
 0.1075440E-01
 0.1117591E-01
 0.1154473E-01
 0.1184330E-01
 0.1214187E-01
 0.1226481E-01
 0.1244044E-01
 0.1254582E-01
 0.1273901E-01
 0.1275657E-01
 0.1287951E-01
 0.1287951E-01
 0.1291464E-01
 0.1287951E-01
 0.1286195E-01
 0.1289708E-01
 0.1298489E-01
 0.1291464E-01
 0.1293220E-01
 0.1296733E-01
 0.1286195E-01
 0.1286195E-01
 0.1273901E-01
 0.1268632E-01
 0.1256338E-01
 0.1244044E-01
 0.1244044E-01
 0.1242288E-01
 0.1244044E-01
 0.1240531E-01
 0.1231750E-01
 0.1238775E-01
 0.1231750E-01
 0.1238775E-01
 0.1254582E-01
 0.1258094E-01
 0.1258094E-01
 0.1279170E-01
 0.1296733E-01
 0.1305514E-01
 0.1310783E-01
 0.1319565E-01
 0.1324834E-01
 0.1337128E-01
 0.1337128E-01
 0.1349422E-01
 0.1340640E-01
 0.1338884E-01
 0.1338884E-01
 0.1333615E-01
 0.1316052E-01
 0.1328346E-01
 0.1342397E-01
 0.1345909E-01
 0.1356447E-01
 0.1358203E-01
 0.1349422E-01
 0.1330103E-01
 0.1296733E-01
 0.1244044E-01
 0.1207162E-01
 0.1179061E-01
 0.1156229E-01
 0.1122860E-01
 0.1089490E-01
 0.1049095E-01
 0.1006944E-01
 0.9507424E-02
 0.8962971E-02
 0.8207764E-02
 0.7399867E-02
 0.6504155E-02
 0.5713821E-02
 0.5011302E-02
 0.4133153E-02
 0.3202316E-02
 0.2570048E-02
 0.1902655E-02
 0.1059633E-02
 0.3395506E-03
 0.0000000E+00
 0.0000000E+00
 0.0000000E+00
 0.0000000E+00
 0.0000000E+00
 0.0000000E+00
 0.0000000E+00
 0.0000000E+00
 0.0000000E+00
 0.0000000E+00
 0.0000000E+00
 0.0000000E+00
 0.0000000E+00
 0.0000000E+00
 0.0000000E+00
 0.0000000E+00
 0.0000000E+00
 0.0000000E+00
 0.0000000E+00
