 0.4103328E-04
 0.0000000E+00
 0.0000000E+00
 0.0000000E+00
 0.0000000E+00
 0.4103328E-04
 0.8763894E-04
 0.0000000E+00
 0.1773039E-04
 0.6433611E-04
 0.8763905E-04
 0.6433605E-04
 0.2274561E-03
 0.2973646E-03
 0.4837875E-03
 0.6935132E-03
 0.8799360E-03
 0.1229479E-02
 0.1602325E-02
 0.2021776E-02
 0.2348016E-02
 0.2697559E-02
 0.2953890E-02
 0.3210221E-02
 0.3419947E-02
 0.3652976E-02
 0.4095730E-02
 0.4398667E-02
 0.4748210E-02
 0.5051148E-02
 0.5377387E-02
 0.5680324E-02
 0.6053170E-02
 0.6286198E-02
 0.6612438E-02
 0.6775558E-02
 0.7055193E-02
 0.7288222E-02
 0.7451341E-02
 0.7754278E-02
 0.7777581E-02
 0.7987307E-02
 0.8127124E-02
 0.8290243E-02
 0.8313547E-02
 0.8290243E-02
 0.8453364E-02
 0.8499970E-02
 0.8686393E-02
 0.8616484E-02
 0.8802907E-02
 0.8826209E-02
 0.8826209E-02
 0.8802907E-02
 0.8919421E-02
 0.8872815E-02
 0.8966028E-02
 0.8872815E-02
 0.8942724E-02
 0.8942724E-02
 0.8896118E-02
 0.8709694E-02
 0.8779604E-02
 0.8849512E-02
 0.8709695E-02
 0.8779604E-02
 0.8639786E-02
 0.8639787E-02
 0.8732998E-02
 0.8616484E-02
 0.8546575E-02
 0.8453364E-02
 0.8406758E-02
 0.8383455E-02
 0.8383455E-02
 0.8313547E-02
 0.8243638E-02
 0.8266941E-02
 0.8173730E-02
 0.8080518E-02
 0.8080518E-02
 0.8080518E-02
 0.8010610E-02
 0.8103821E-02
 0.7964004E-02
 0.7940701E-02
 0.8010610E-02
 0.7847490E-02
 0.7940701E-02
 0.7870793E-02
 0.7940701E-02
 0.7964003E-02
 0.7987306E-02
 0.7940701E-02
 0.7964004E-02
 0.7964004E-02
 0.7940700E-02
 0.7964004E-02
 0.8057215E-02
 0.8080518E-02
 0.8010610E-02
 0.8150428E-02
 0.8173730E-02
 0.8197033E-02
 0.8360152E-02
 0.8243637E-02
 0.8430060E-02
 0.8313547E-02
 0.8499970E-02
 0.8453364E-02
 0.8476667E-02
 0.8476667E-02
 0.8499970E-02
 0.8569879E-02
 0.8546575E-02
 0.8499970E-02
 0.8499970E-02
 0.8663090E-02
 0.8523271E-02
 0.8499970E-02
 0.8476667E-02
 0.8499970E-02
 0.8453364E-02
 0.8430061E-02
 0.8430061E-02
 0.8266941E-02
 0.8197033E-02
 0.8127124E-02
 0.8010609E-02
 0.7964004E-02
 0.7847490E-02
 0.7661067E-02
 0.7497947E-02
 0.7334827E-02
 0.7218312E-02
 0.7055192E-02
 0.6822164E-02
 0.6682347E-02
 0.6332804E-02
 0.6239593E-02
 0.6053170E-02
 0.5773535E-02
 0.5470599E-02
 0.5167662E-02
 0.4911330E-02
 0.4491879E-02
 0.4212244E-02
 0.3862702E-02
 0.3629673E-02
 0.3350039E-02
 0.3163616E-02
 0.2720862E-02
 0.2417925E-02
 0.2161593E-02
 0.1951867E-02
 0.1648930E-02
 0.1345993E-02
 0.1089662E-02
 0.8799361E-03
 0.6003018E-03
 0.3905761E-03
 0.1109418E-03
 0.1342447E-03
 0.0000000E+00
 0.0000000E+00
 0.0000000E+00
 0.0000000E+00
 0.0000000E+00
 0.0000000E+00
 0.0000000E+00
 0.0000000E+00
 0.0000000E+00
 0.0000000E+00
 0.0000000E+00
 0.0000000E+00
 0.0000000E+00
 0.0000000E+00
 0.0000000E+00
 0.0000000E+00
 0.0000000E+00
