 0.0000000E+00
 0.4043284E-04
 0.0000000E+00
 0.0000000E+00
 0.0000000E+00
 0.1678346E-04
 0.1678346E-04
 0.6408223E-04
 0.4043284E-04
 0.4043284E-04
 0.8773161E-04
 0.1823291E-03
 0.2532773E-03
 0.4188230E-03
 0.5607192E-03
 0.8445118E-03
 0.1341149E-02
 0.1790487E-02
 0.2405371E-02
 0.3114853E-02
 0.4344620E-02
 0.5432492E-02
 0.7064299E-02
 0.8246768E-02
 0.9500186E-02
 0.1020967E-01
 0.1108469E-01
 0.1186512E-01
 0.1283475E-01
 0.1356788E-01
 0.1401722E-01
 0.1437196E-01
 0.1477400E-01
 0.1496319E-01
 0.1515239E-01
 0.1508144E-01
 0.1512874E-01
 0.1503414E-01
 0.1496319E-01
 0.1493954E-01
 0.1477400E-01
 0.1465575E-01
 0.1456115E-01
 0.1425371E-01
 0.1399357E-01
 0.1368613E-01
 0.1347328E-01
 0.1318949E-01
 0.1302394E-01
 0.1288205E-01
 0.1269285E-01
 0.1255095E-01
 0.1243271E-01
 0.1248001E-01
 0.1245636E-01
 0.1238541E-01
 0.1226716E-01
 0.1221986E-01
 0.1217256E-01
 0.1236176E-01
 0.1236176E-01
 0.1250366E-01
 0.1252731E-01
 0.1257460E-01
 0.1290570E-01
 0.1321314E-01
 0.1342598E-01
 0.1349693E-01
 0.1387532E-01
 0.1413546E-01
 0.1432466E-01
 0.1446655E-01
 0.1472670E-01
 0.1479765E-01
 0.1493954E-01
 0.1510509E-01
 0.1508144E-01
 0.1512874E-01
 0.1505779E-01
 0.1498684E-01
 0.1489224E-01
 0.1484494E-01
 0.1465575E-01
 0.1446655E-01
 0.1413546E-01
 0.1378072E-01
 0.1333138E-01
 0.1276380E-01
 0.1214892E-01
 0.1158133E-01
 0.1080090E-01
 0.9854927E-02
 0.8956250E-02
 0.7821079E-02
 0.6875104E-02
 0.5787233E-02
 0.4723011E-02
 0.3800685E-02
 0.2783761E-02
 0.2145228E-02
 0.1577643E-02
 0.1175603E-02
 0.5134205E-03
 0.3715242E-03
 0.2296279E-03
 0.4043284E-04
 0.0000000E+00
 0.0000000E+00
 0.0000000E+00
 0.0000000E+00
 0.0000000E+00
 0.0000000E+00
 0.0000000E+00
 0.0000000E+00
 0.0000000E+00
 0.0000000E+00
 0.0000000E+00
 0.0000000E+00
 0.0000000E+00
 0.0000000E+00
 0.0000000E+00
 0.0000000E+00
