% PARTICLE_ATTRIBUTES_CONTROLLERS_NAMES macrosize ParticleIdNumber 
% PARTICLE_ATTRIBUTES_CONTROLLER_DICT macrosize size 1 
% PARTICLE_ATTRIBUTES_CONTROLLER_DICT ParticleIdNumber size 1 
% BUNCH_ATTRIBUTE_DOUBLE charge   1 
% BUNCH_ATTRIBUTE_DOUBLE classical_radius   1.5347e-18 
% BUNCH_ATTRIBUTE_DOUBLE macro_size   0 
% BUNCH_ATTRIBUTE_DOUBLE mass   0.938272 
%  SYNC_PART_COORDS 0 0 0  x, y, z positions in [m]
%  SYNC_PART_MOMENTUM 0 0 2.1417660241115  px, py, pz momentum component in GeV/c
%  SYNC_PART_X_AXIS 1 0 0  nxx, nxy, pxz - x-axis ort coordinates
%  info only: energy of the synchronous particle [GeV] = 1.4000000051923 
%  info only: momentum of the synchronous particle [GeV/c] = 2.1417660241115 
%  info only: beta=v/c of the synchronous particle = 0.91596101476611 
%  info only: gamma=1/sqrt(1-(v/c)**2) of the synchronous particle = 2.4921045962752 
%  SYNC_PART_TIME 0  time in [sec]
% x[m] px[rad] y[m] py[rad] z[m]  (pz or dE [GeV]) macro_size Particle_Id_Number 
0.00096303974 0 0.015136746 0 -0 0 3.9e+09 0 
0.00096303974 0 0.014547243 0 -0 0 3.9e+09 1 
0.0032930197 0 0.014547243 0 -0 0 3.9e+09 2 
0.00096303974 0 0.01393282 0 -0 0 3.9e+09 3 
0.0032930197 0 0.01393282 0 -0 0 3.9e+09 4 
0.0045563705 0 0.01393282 0 -0 0 3.9e+09 5 
0.00096303974 0 0.013290021 0 -0 0 3.9e+09 6 
0.0032930197 0 0.013290021 0 -0 0 3.9e+09 7 
0.0045563705 0 0.013290021 0 -0 0 3.9e+09 8 
0.0055386862 0 0.013290021 0 -0 0 3.9e+09 9 
0.00096303974 0 0.012614509 0 -0 0 3.9e+09 10 
0.0032930197 0 0.012614509 0 -0 0 3.9e+09 11 
0.0045563705 0 0.012614509 0 -0 0 3.9e+09 12 
0.0055386862 0 0.012614509 0 -0 0 3.9e+09 13 
0.006371309 0 0.012614509 0 -0 0 3.9e+09 14 
0.00096303974 0 0.011900716 0 -0 0 3.9e+09 15 
0.0032930197 0 0.011900716 0 -0 0 3.9e+09 16 
0.0045563705 0 0.011900716 0 -0 0 3.9e+09 17 
0.0055386862 0 0.011900716 0 -0 0 3.9e+09 18 
0.006371309 0 0.011900716 0 -0 0 3.9e+09 19 
0.0071070466 0 0.011900716 0 -0 0 3.9e+09 20 
0.00096303974 0 0.011141285 0 -0 0 3.9e+09 21 
0.0032930197 0 0.011141285 0 -0 0 3.9e+09 22 
0.0045563705 0 0.011141285 0 -0 0 3.9e+09 23 
0.0055386862 0 0.011141285 0 -0 0 3.9e+09 24 
0.006371309 0 0.011141285 0 -0 0 3.9e+09 25 
0.0071070466 0 0.011141285 0 -0 0 3.9e+09 26 
0.0077734577 0 0.011141285 0 -0 0 3.9e+09 27 
0.00096303974 0 0.010326152 0 -0 0 3.9e+09 28 
0.0032930197 0 0.010326152 0 -0 0 3.9e+09 29 
0.0045563705 0 0.010326152 0 -0 0 3.9e+09 30 
0.0055386862 0 0.010326152 0 -0 0 3.9e+09 31 
0.006371309 0 0.010326152 0 -0 0 3.9e+09 32 
0.0071070466 0 0.010326152 0 -0 0 3.9e+09 33 
0.0077734577 0 0.010326152 0 -0 0 3.9e+09 34 
0.008387084 0 0.010326152 0 -0 0 3.9e+09 35 
0.00096303974 0 0.0094409013 0 -0 0 3.9e+09 36 
0.0032930197 0 0.0094409013 0 -0 0 3.9e+09 37 
0.0045563705 0 0.0094409013 0 -0 0 3.9e+09 38 
0.0055386862 0 0.0094409013 0 -0 0 3.9e+09 39 
0.006371309 0 0.0094409013 0 -0 0 3.9e+09 40 
0.0071070466 0 0.0094409013 0 -0 0 3.9e+09 41 
0.0077734577 0 0.0094409013 0 -0 0 3.9e+09 42 
0.008387084 0 0.0094409013 0 -0 0 3.9e+09 43 
0.0089587784 0 0.0094409013 0 -0 0 3.9e+09 44 
0.00096303974 0 0.0084635577 0 -0 0 3.9e+09 45 
0.0032930197 0 0.0084635577 0 -0 0 3.9e+09 46 
0.0045563705 0 0.0084635577 0 -0 0 3.9e+09 47 
0.0055386862 0 0.0084635577 0 -0 0 3.9e+09 48 
0.006371309 0 0.0084635577 0 -0 0 3.9e+09 49 
0.0071070466 0 0.0084635577 0 -0 0 3.9e+09 50 
0.0077734577 0 0.0084635577 0 -0 0 3.9e+09 51 
0.008387084 0 0.0084635577 0 -0 0 3.9e+09 52 
0.0089587784 0 0.0084635577 0 -0 0 3.9e+09 53 
0.0094961173 0 0.0084635577 0 -0 0 3.9e+09 54 
0.00096303974 0 0.0073575133 0 -0 0 3.9e+09 55 
0.0032930197 0 0.0073575133 0 -0 0 3.9e+09 56 
0.0045563705 0 0.0073575133 0 -0 0 3.9e+09 57 
0.0055386862 0 0.0073575133 0 -0 0 3.9e+09 58 
0.006371309 0 0.0073575133 0 -0 0 3.9e+09 59 
0.0071070466 0 0.0073575133 0 -0 0 3.9e+09 60 
0.0077734577 0 0.0073575133 0 -0 0 3.9e+09 61 
0.008387084 0 0.0073575133 0 -0 0 3.9e+09 62 
0.0089587784 0 0.0073575133 0 -0 0 3.9e+09 63 
0.0094961173 0 0.0073575133 0 -0 0 3.9e+09 64 
0.010004638 0 0.0073575133 0 -0 0 3.9e+09 65 
0.00096303974 0 0.0060526188 0 -0 0 3.9e+09 66 
0.0032930197 0 0.0060526188 0 -0 0 3.9e+09 67 
0.0045563705 0 0.0060526188 0 -0 0 3.9e+09 68 
0.0055386862 0 0.0060526188 0 -0 0 3.9e+09 69 
0.006371309 0 0.0060526188 0 -0 0 3.9e+09 70 
0.0071070466 0 0.0060526188 0 -0 0 3.9e+09 71 
0.0077734577 0 0.0060526188 0 -0 0 3.9e+09 72 
0.008387084 0 0.0060526188 0 -0 0 3.9e+09 73 
0.0089587784 0 0.0060526188 0 -0 0 3.9e+09 74 
0.0094961173 0 0.0060526188 0 -0 0 3.9e+09 75 
0.010004638 0 0.0060526188 0 -0 0 3.9e+09 76 
0.010488532 0 0.0060526188 0 -0 0 3.9e+09 77 
0.00096303974 0 0.0043744013 0 -0 0 3.9e+09 78 
0.0032930197 0 0.0043744013 0 -0 0 3.9e+09 79 
0.0045563705 0 0.0043744013 0 -0 0 3.9e+09 80 
0.0055386862 0 0.0043744013 0 -0 0 3.9e+09 81 
0.006371309 0 0.0043744013 0 -0 0 3.9e+09 82 
0.0071070466 0 0.0043744013 0 -0 0 3.9e+09 83 
0.0077734577 0 0.0043744013 0 -0 0 3.9e+09 84 
0.008387084 0 0.0043744013 0 -0 0 3.9e+09 85 
0.0089587784 0 0.0043744013 0 -0 0 3.9e+09 86 
0.0094961173 0 0.0043744013 0 -0 0 3.9e+09 87 
0.010004638 0 0.0043744013 0 -0 0 3.9e+09 88 
0.010488532 0 0.0043744013 0 -0 0 3.9e+09 89 
0.010951066 0 0.0043744013 0 -0 0 3.9e+09 90 
0.00096303974 0 0.0012792885 0 -0 0 3.9e+09 91 
0.0032930197 0 0.0012792885 0 -0 0 3.9e+09 92 
0.0045563705 0 0.0012792885 0 -0 0 3.9e+09 93 
0.0055386862 0 0.0012792885 0 -0 0 3.9e+09 94 
0.006371309 0 0.0012792885 0 -0 0 3.9e+09 95 
0.0071070466 0 0.0012792885 0 -0 0 3.9e+09 96 
0.0077734577 0 0.0012792885 0 -0 0 3.9e+09 97 
0.008387084 0 0.0012792885 0 -0 0 3.9e+09 98 
0.0089587784 0 0.0012792885 0 -0 0 3.9e+09 99 
0.0094961173 0 0.0012792885 0 -0 0 3.9e+09 100 
0.010004638 0 0.0012792885 0 -0 0 3.9e+09 101 
0.010488532 0 0.0012792885 0 -0 0 3.9e+09 102 
0.010951066 0 0.0012792885 0 -0 0 3.9e+09 103 
0.01139484 0 0.0012792885 0 -0 0 3.9e+09 104 
