
 etall    1, NO =    5, NV =    5, INA =   16
 *********************************************

    I  COEFFICIENT          ORDER   EXPONENTS
     1   0.5327793856070        1     1 0  0 0  0
  0.53277938560701676     
     2    5.667956775500        1     0 1  0 0  0
   5.6679567755001266     
     3   -1.302470422581        1     0 0  0 0  1
  -1.3024704225805568     
     4    2.399316694255        2     2 0  0 0  0
   2.3993166942549431     
     5    14.40774018061        2     1 1  0 0  0
   14.407740180609281     
     6    28.03076624937        2     0 2  0 0  0
   28.030766249370672     
     7   -1.923695129441        2     0 0  2 0  0
  -1.9236951294414346     
     8   -10.74211887824        2     0 0  1 1  0
  -10.742118878238497     
     9    63.42001660082        2     1 0  0 0  1
   63.420016600817036     
    10    8.632405627537        2     0 1  0 0  1
   8.6324056275365546     
    11   -24.21374144868        2     0 0  0 2  0
  -24.213741448684534     
    12    178.8889740963        2     0 0  0 0  2
   178.88897409633455     
    13   -11.83564133372        3     3 0  0 0  0
  -11.835641333717446     
    14  -0.1885861362925        3     2 1  0 0  0
 -0.18858613629248888     
    15   -223.5674131634        3     1 2  0 0  0
  -223.56741316338804     
    16    908.8546265394        3     0 3  0 0  0
   908.85462653937623     
    17   -74.22921138021        3     1 0  2 0  0
  -74.229211380213641     
    18    178.6052114112        3     0 1  2 0  0
   178.60521141121964     
    19   -284.1149336605        3     1 0  1 1  0
  -284.11493366050973     
    20   -495.6081637974        3     0 1  1 1  0
  -495.60816379741539     
    21   -152.3856287203        3     2 0  0 0  1
  -152.38562872033947     
    22   -527.9568088761        3     1 1  0 0  1
  -527.95680887605329     
    23   -2513.755760406        3     0 2  0 0  1
  -2513.7557604059853     
    24   -158.8531387505        3     0 0  2 0  1
  -158.85313875052299     
    25   -896.2978937748        3     1 0  0 2  0
  -896.29789377480142     
    26   -674.5363460500        3     0 1  0 2  0
  -674.53634605004754     
    27   -489.3189693964        3     0 0  1 1  1
  -489.31896939635703     
    28   -1901.323367537        3     1 0  0 0  2
  -1901.3233675371198     
    29   -7862.030868955        3     0 1  0 0  2
  -7862.0308689546591     
    30   -1113.978834504        3     0 0  0 2  1
  -1113.9788345037473     
    31   -5046.625496300        3     0 0  0 0  3
  -5046.6254963002193     
    32    36.35939102879        4     4 0  0 0  0
   36.359391028794420     
    33    185.2081961147        4     3 1  0 0  0
   185.20819611469031     
    34    2219.179149994        4     2 2  0 0  0
   2219.1791499941532     
    35    13669.42705183        4     1 3  0 0  0
   13669.427051826739     
    36    37380.40268513        4     0 4  0 0  0
   37380.402685126806     
    37    58.56259886540        4     2 0  2 0  0
   58.562598865402521     
    38    2036.712411756        4     1 1  2 0  0
   2036.7124117561370     
    39    4662.422164062        4     0 2  2 0  0
   4662.4221640616106     
    40   -113.5928408037        4     0 0  4 0  0
  -113.59284080374729     
    41    709.8787761239        4     2 0  1 1  0
   709.87877612388388     
    42    6974.635280957        4     1 1  1 1  0
   6974.6352809571445     
    43    24328.57707584        4     0 2  1 1  0
   24328.577075842564     
    44   -786.2299026331        4     0 0  3 1  0
  -786.22990263311578     
    45    680.0482477765        4     3 0  0 0  1
   680.04824777649617     
    46    4725.798978388        4     2 1  0 0  1
   4725.7989783876810     
    47    46782.67106983        4     1 2  0 0  1
   46782.671069829077     
    48    194899.6402713        4     0 3  0 0  1
   194899.64027127763     
    49    2122.210425987        4     1 0  2 0  1
   2122.2104259865337     
    50    15223.30386195        4     0 1  2 0  1
   15223.303861948078     
    51    2262.488067295        4     2 0  0 2  0
   2262.4880672948839     
    52    12588.12525172        4     1 1  0 2  0
   12588.125251720898     
    53    7041.083327631        4     0 2  0 2  0
   7041.0833276309131     
    54   -3661.375757109        4     0 0  2 2  0
  -3661.3757571092228     
    55    11776.54707271        4     1 0  1 1  1
   11776.547072709494     
    56   -6553.591910285        4     0 1  1 1  1
  -6553.5919102845437     
    57    732.9455965249        4     2 0  0 0  2
   732.94559652489352     
    58    6070.328094169        4     1 1  0 0  2
   6070.3280941688145     
    59    165085.6846810        4     0 2  0 0  2
   165085.68468096052     
    60    6585.221233653        4     0 0  2 0  2
   6585.2212336527782     
    61   -4594.050466810        4     0 0  1 3  0
  -4594.0504668101321     
    62    71744.18565230        4     1 0  0 2  1
   71744.185652297063     
    63    457864.3997244        4     0 1  0 2  1
   457864.39972436760     
    64    39502.68484413        4     0 0  1 1  2
   39502.684844131669     
    65   -18425.94564291        4     1 0  0 0  3
  -18425.945642913357     
    66    156626.9807324        4     0 1  0 0  3
   156626.98073235434     
    67   -17144.78271904        4     0 0  0 4  0
  -17144.782719044222     
    68    210491.3999037        4     0 0  0 2  2
   210491.39990367839     
    69   -55023.21528584        4     0 0  0 0  4
  -55023.215285841761     
    70   -59.19033633990        5     5 0  0 0  0
  -59.190336339901542     
    71   -494.2888738481        5     4 1  0 0  0
  -494.28887384805239     
    72   -1157.101575185        5     3 2  0 0  0
  -1157.1015751847808     
    73    29737.70171710        5     2 3  0 0  0
   29737.701717099219     
    74    87656.44860010        5     1 4  0 0  0
   87656.448600104864     
    75   -291723.0683938        5     0 5  0 0  0
  -291723.06839376380     
    76    1276.412828471        5     3 0  2 0  0
   1276.4128284711469     
    77   -64.39961423208        5     2 1  2 0  0
  -64.399614232082740     
    78   -17357.77896220        5     1 2  2 0  0
  -17357.778962197244     
    79   -114500.4072086        5     0 3  2 0  0
  -114500.40720857566     
    80   -587.9464955304        5     1 0  4 0  0
  -587.94649553043973     
    81   -461.4070299053        5     0 1  4 0  0
  -461.40702990526330     
    82    7132.308871496        5     3 0  1 1  0
   7132.3088714961032     
    83   -8315.901783815        5     2 1  1 1  0
  -8315.9017838151540     
    84    167583.6339875        5     1 2  1 1  0
   167583.63398751235     
    85    1927535.559284        5     0 3  1 1  0
   1927535.5592839865     
    86   -5702.498239232        5     1 0  3 1  0
  -5702.4982392321917     
    87    27782.39639042        5     0 1  3 1  0
   27782.396390415139     
    88    206.5054907931        5     4 0  0 0  1
   206.50549079313831     
    89    22525.35000182        5     3 1  0 0  1
   22525.350001816714     
    90    347801.4289801        5     2 2  0 0  1
   347801.42898010218     
    91    1831511.678726        5     1 3  0 0  1
   1831511.6787258440     
    92    1636742.218636        5     0 4  0 0  1
   1636742.2186361125     
    93    28819.56769915        5     2 0  2 0  1
   28819.567699145427     
    94    112759.5268644        5     1 1  2 0  1
   112759.52686439607     
    95    20936.35090691        5     0 2  2 0  1
   20936.350906914908     
    96   -740.2459083483        5     0 0  4 0  1
  -740.24590834830076     
    97   -1122.804472728        5     3 0  0 2  0
  -1122.8044727280580     
    98   -220687.1871431        5     2 1  0 2  0
  -220687.18714305610     
    99   -1774490.324702        5     1 2  0 2  0
  -1774490.3247015511     
   100   -5690820.487641        5     0 3  0 2  0
  -5690820.4876411231     
   101   -88121.52752308        5     1 0  2 2  0
  -88121.527523080265     
   102   -203122.6596845        5     0 1  2 2  0
  -203122.65968447149     
   103   -8378.756184110        5     2 0  1 1  1
  -8378.7561841096613     
   104   -582124.1740822        5     1 1  1 1  1
  -582124.17408221180     
   105   -1804690.541875        5     0 2  1 1  1
  -1804690.5418748707     
   106    2561.241208366        5     0 0  3 1  1
   2561.2412083660038     
   107    19347.90235996        5     3 0  0 0  2
   19347.902359962147     
   108    433357.6480057        5     2 1  0 0  2
   433357.64800574176     
   109    4241639.254957        5     1 2  0 0  2
   4241639.2549571274     
   110    5256241.418120        5     0 3  0 0  2
   5256241.4181200638     
   111    137539.1230801        5     1 0  2 0  2
   137539.12308013896     
   112   -416516.5609453        5     0 1  2 0  2
  -416516.56094526220     
   113   -223412.6900929        5     1 0  1 3  0
  -223412.69009293854     
   114    201417.7616621        5     0 1  1 3  0
   201417.76166210487     
   115   -162578.4179874        5     2 0  0 2  1
  -162578.41798744735     
   116   -3915047.230915        5     1 1  0 2  1
  -3915047.2309154668     
   117   -16734416.11285        5     0 2  0 2  1
  -16734416.112851599     
   118   -190573.6032086        5     0 0  2 2  1
  -190573.60320855299     
   119   -278090.6185433        5     1 0  1 1  2
  -278090.61854334839     
   120    1271246.516790        5     0 1  1 1  2
   1271246.5167902038     
   121    240171.6992789        5     2 0  0 0  3
   240171.69927888873     
   122    3543791.351476        5     1 1  0 0  3
   3543791.3514760379     
   123    13137662.66867        5     0 2  0 0  3
   13137662.668670405     
   124    298986.7271297        5     0 0  2 0  3
   298986.72712974052     
   125   -602906.5890414        5     1 0  0 4  0
  -602906.58904136298     
   126   -5027304.832714        5     0 1  0 4  0
  -5027304.8327138582     
   127   -1330466.658280        5     0 0  1 3  1
  -1330466.6582797195     
   128    706392.1932478        5     1 0  0 2  2
   706392.19324782491     
   129   -5808050.180712        5     0 1  0 2  2
  -5808050.1807124969     
   130   -677984.9465646        5     0 0  1 1  3
  -677984.94656462048     
   131    1853292.732706        5     1 0  0 0  4
   1853292.7327061484     
   132    7755688.589225        5     0 1  0 0  4
   7755688.5892249057     
   133   -3825108.306098        5     0 0  0 4  1
  -3825108.3060978963     
   134    1557381.930437        5     0 0  0 2  3
   1557381.9304368263     
   135    4302633.196585        5     0 0  0 0  5
   4302633.1965850061     
                                      

 etall    1, NO =    5, NV =    5, INA =   20
 *********************************************

    I  COEFFICIENT          ORDER   EXPONENTS
     1  -0.1684166169061        1     1 0  0 0  0
 -0.16841661690608875     
     2   0.8525460317610E-01    1     0 1  0 0  0
   8.5254603176096760E-002
     3  -0.4691968284694        1     0 0  0 0  1
 -0.46919682846937838     
     4   0.4505093661393        2     2 0  0 0  0
  0.45050936613926101     
     5    4.263165666738        2     1 1  0 0  0
   4.2631656667377325     
     6    12.66323292212        2     0 2  0 0  0
   12.663232922123068     
     7  -0.2017146099649        2     0 0  2 0  0
 -0.20171460996487101     
     8   -1.012251597016        2     0 0  1 1  0
  -1.0122515970160322     
     9    7.803903475279        2     1 0  0 0  1
   7.8039034752788385     
    10    70.14441565753        2     0 1  0 0  1
   70.144415657527077     
    11   -8.482941165567        2     0 0  0 2  0
  -8.4829411655670555     
    12    23.26832951561        2     0 0  0 0  2
   23.268329515608666     
    13   0.1480437022707        3     3 0  0 0  0
  0.14804370227068356     
    14   -3.565302444283        3     2 1  0 0  0
  -3.5653024442825170     
    15   -33.87781557905        3     1 2  0 0  0
  -33.877815579050413     
    16   -474.2763872653        3     0 3  0 0  0
  -474.27638726528068     
    17   -1.344056058238        3     1 0  2 0  0
  -1.3440560582377332     
    18   -58.05516932405        3     0 1  2 0  0
  -58.055169324047910     
    19   -17.20539894221        3     1 0  1 1  0
  -17.205398942210024     
    20   -66.75560476395        3     0 1  1 1  0
  -66.755604763952249     
    21    41.65480823410        3     2 0  0 0  1
   41.654808234102596     
    22    188.3375381353        3     1 1  0 0  1
   188.33753813526920     
    23   -172.0327270333        3     0 2  0 0  1
  -172.03272703327724     
    24   -21.54953233358        3     0 0  2 0  1
  -21.549532333578281     
    25   -133.6817467066        3     1 0  0 2  0
  -133.68174670662984     
    26   -1315.581004580        3     0 1  0 2  0
  -1315.5810045795765     
    27   -292.8111338049        3     0 0  1 1  1
  -292.81113380487710     
    28    519.7571948389        3     1 0  0 0  2
   519.75719483890009     
    29    95.65118409224        3     0 1  0 0  2
   95.651184092243128     
    30   -683.1351624815        3     0 0  0 2  1
  -683.13516248145436     
    31    1333.269660652        3     0 0  0 0  3
   1333.2696606520217     
    32   -6.554550724878        4     4 0  0 0  0
  -6.5545507248776635     
    33   -32.81943001638        4     3 1  0 0  0
  -32.819430016375762     
    34   -522.7895634529        4     2 2  0 0  0
  -522.78956345294102     
    35   -2991.885934310        4     1 3  0 0  0
  -2991.8859343101185     
    36   -3481.135517310        4     0 4  0 0  0
  -3481.1355173098391     
    37   -54.01335569322        4     2 0  2 0  0
  -54.013355693224533     
    38   -566.2203887434        4     1 1  2 0  0
  -566.22038874339717     
    39   0.9726785844885        4     0 2  2 0  0
  0.97267858448848710     
    40    20.20393475043        4     0 0  4 0  0
   20.203934750434410     
    41    310.7578495972        4     2 0  1 1  0
   310.75784959715060     
    42    694.7425572488        4     1 1  1 1  0
   694.74255724876252     
    43    2189.415850652        4     0 2  1 1  0
   2189.4158506524627     
    44    254.0878151747        4     0 0  3 1  0
   254.08781517467352     
    45   -187.7564806047        4     3 0  0 0  1
  -187.75648060465943     
    46   -606.6367815482        4     2 1  0 0  1
  -606.63678154820616     
    47   -12348.03660728        4     1 2  0 0  1
  -12348.036607276454     
    48   -23832.55297207        4     0 3  0 0  1
  -23832.552972071106     
    49   -1161.987600102        4     1 0  2 0  1
  -1161.9876001020809     
    50    285.6384437007        4     0 1  2 0  1
   285.63844370070615     
    51    292.2935299346        4     2 0  0 2  0
   292.29352993459759     
    52    6312.718732471        4     1 1  0 2  0
   6312.7187324709785     
    53    29604.76400166        4     0 2  0 2  0
   29604.764001657266     
    54    1368.920719059        4     0 0  2 2  0
   1368.9207190585716     
    55   -1714.949542268        4     1 0  1 1  1
  -1714.9495422678369     
    56    5377.918931628        4     0 1  1 1  1
   5377.9189316282227     
    57   -1719.084099775        4     2 0  0 0  2
  -1719.0840997751318     
    58   -12295.30561523        4     1 1  0 0  2
  -12295.305615230916     
    59   -58345.67939071        4     0 2  0 0  2
  -58345.679390710560     
    60   -4045.269877760        4     0 0  2 0  2
  -4045.2698777597184     
    61    5597.163952015        4     0 0  1 3  0
   5597.1639520148165     
    62   -7737.018004967        4     1 0  0 2  1
  -7737.0180049671035     
    63    11753.20293184        4     0 1  0 2  1
   11753.202931835052     
    64   -2102.754803359        4     0 0  1 1  2
  -2102.7548033586636     
    65   -13410.41335916        4     1 0  0 0  3
  -13410.413359160581     
    66   -57029.40426712        4     0 1  0 0  3
  -57029.404267117752     
    67    6978.078990020        4     0 0  0 4  0
   6978.0789900203017     
    68    6938.526817344        4     0 0  0 2  2
   6938.5268173436707     
    69   -31438.06470524        4     0 0  0 0  4
  -31438.064705238354     
    70    23.51417005262        5     5 0  0 0  0
   23.514170052622251     
    71   -47.33197036070        5     4 1  0 0  0
  -47.331970360696744     
    72   -1671.313022485        5     3 2  0 0  0
  -1671.3130224847607     
    73   -18554.69001029        5     2 3  0 0  0
  -18554.690010290862     
    74   -28696.81424382        5     1 4  0 0  0
  -28696.814243815450     
    75   -4057.974884137        5     0 5  0 0  0
  -4057.9748841374235     
    76   -141.4628259366        5     3 0  2 0  0
  -141.46282593658515     
    77   -3891.561688462        5     2 1  2 0  0
  -3891.5616884621249     
    78    1964.319385625        5     1 2  2 0  0
   1964.3193856254543     
    79   -7525.316843083        5     0 3  2 0  0
  -7525.3168430830483     
    80    575.0587516499        5     1 0  4 0  0
   575.05875164992108     
    81   -2243.912382209        5     0 1  4 0  0
  -2243.9123822085112     
    82    1114.707827141        5     3 0  1 1  0
   1114.7078271406576     
    83   -12103.36066084        5     2 1  1 1  0
  -12103.360660836597     
    84   -93421.15864587        5     1 2  1 1  0
  -93421.158645866148     
    85   -302547.7478372        5     0 3  1 1  0
  -302547.74783722783     
    86    5240.914387237        5     1 0  3 1  0
   5240.9143872372797     
    87   -6624.406987338        5     0 1  3 1  0
  -6624.4069873377275     
    88    633.6447433895        5     4 0  0 0  1
   633.64474338949083     
    89   -1300.250743095        5     3 1  0 0  1
  -1300.2507430947110     
    90   -59737.31068531        5     2 2  0 0  1
  -59737.310685307661     
    91   -240144.1916373        5     1 3  0 0  1
  -240144.19163730633     
    92   -24956.17232978        5     0 4  0 0  1
  -24956.172329778910     
    93    364.0888782857        5     2 0  2 0  1
   364.08887828572148     
    94    7220.144158053        5     1 1  2 0  1
   7220.1441580533310     
    95    79611.54719930        5     0 2  2 0  1
   79611.547199300578     
    96    2700.469297965        5     0 0  4 0  1
   2700.4692979649963     
    97    6536.614196104        5     3 0  0 2  0
   6536.6141961035210     
    98    41622.94118018        5     2 1  0 2  0
   41622.941180184018     
    99    201683.9393414        5     1 2  0 2  0
   201683.93934141789     
   100    760323.7938873        5     0 3  0 2  0
   760323.79388726910     
   101    19995.94088411        5     1 0  2 2  0
   19995.940884111471     
   102   -65333.07969986        5     0 1  2 2  0
  -65333.079699864953     
   103    23529.72939906        5     2 0  1 1  1
   23529.729399063224     
   104    73730.13515668        5     1 1  1 1  1
   73730.135156682401     
   105    218999.5476827        5     0 2  1 1  1
   218999.54768273115     
   106    15514.05788596        5     0 0  3 1  1
   15514.057885962708     
   107    6559.748668416        5     3 0  0 0  2
   6559.7486684158739     
   108   -44818.33973187        5     2 1  0 0  2
  -44818.339731866501     
   109   -552742.5466201        5     1 2  0 0  2
  -552742.54662011622     
   110   -202816.7345521        5     0 3  0 0  2
  -202816.73455212361     
   111    9355.699371656        5     1 0  2 0  2
   9355.6993716556553     
   112    108181.6684837        5     0 1  2 0  2
   108181.66848372534     
   113    56693.63965756        5     1 0  1 3  0
   56693.639657559594     
   114   -77900.09691943        5     0 1  1 3  0
  -77900.096919429459     
   115    46918.36405735        5     2 0  0 2  1
   46918.364057352846     
   116    640274.2235850        5     1 1  0 2  1
   640274.22358497884     
   117    1626252.607414        5     0 2  0 2  1
   1626252.6074140880     
   118    10794.34806639        5     0 0  2 2  1
   10794.348066391805     
   119    314514.2671347        5     1 0  1 1  2
   314514.26713469630     
   120    559087.4172256        5     0 1  1 1  2
   559087.41722556646     
   121   -1111.026338535        5     2 0  0 0  3
  -1111.0263385354422     
   122   -371196.8236631        5     1 1  0 0  3
  -371196.82366310008     
   123   -825136.2849828        5     0 2  0 0  3
  -825136.28498277336     
   124    90437.24319185        5     0 0  2 0  3
   90437.243191845642     
   125    66006.60716788        5     1 0  0 4  0
   66006.607167879134     
   126    381928.4663126        5     0 1  0 4  0
   381928.46631260205     
   127   -285752.4791077        5     0 0  1 3  1
  -285752.47910774063     
   128    850208.8934658        5     1 0  0 2  2
   850208.89346584200     
   129    4183687.918665        5     0 1  0 2  2
   4183687.9186652810     
   130    1286823.060054        5     0 0  1 1  3
   1286823.0600535313     
   131   -117833.6514601        5     1 0  0 0  4
  -117833.65146013758     
   132   -38903.95540449        5     0 1  0 0  4
  -38903.955404493354     
   133   -921582.5877681        5     0 0  0 4  1
  -921582.58776814328     
   134    1663964.021120        5     0 0  0 2  3
   1663964.0211200677     
   135   -246620.0909744        5     0 0  0 0  5
  -246620.09097435157     
                                      

 etall    1, NO =    5, NV =    5, INA =   21
 *********************************************

    I  COEFFICIENT          ORDER   EXPONENTS
     1  -0.6110036932377        1     0 0  1 0  0
 -0.61100369323765047     
     2    2.574955009447        1     0 0  0 1  0
   2.5749550094466236     
     3   -3.656853552216        2     1 0  1 0  0
  -3.6568535522157264     
     4   -7.989342033635        2     0 1  1 0  0
  -7.9893420336352774     
     5   -16.55342230126        2     1 0  0 1  0
  -16.553422301256681     
     6   -68.64799831991        2     0 1  0 1  0
  -68.647998319913967     
     7    52.16751031783        2     0 0  1 0  1
   52.167510317826469     
     8    210.4926449707        2     0 0  0 1  1
   210.49264497069242     
     9   -45.16145263308        3     2 0  1 0  0
  -45.161452633084146     
    10    9.701046711964        3     1 1  1 0  0
   9.7010467119644712     
    11   -779.1131623622        3     0 2  1 0  0
  -779.11316236221023     
    12   -65.93836542404        3     0 0  3 0  0
  -65.938365424038111     
    13   -226.4930979965        3     2 0  0 1  0
  -226.49309799652269     
    14   -1220.857687372        3     1 1  0 1  0
  -1220.8576873723639     
    15   -4794.461413364        3     0 2  0 1  0
  -4794.4614133639579     
    16   -394.9467337893        3     0 0  2 1  0
  -394.94673378933476     
    17   -378.2711534746        3     1 0  1 0  1
  -378.27115347458277     
    18   -567.5800745954        3     0 1  1 0  1
  -567.58007459537521     
    19   -1846.920891369        3     0 0  1 2  0
  -1846.9208913693708     
    20   -1261.196569687        3     1 0  0 1  1
  -1261.1965696873319     
    21   -1091.607189983        3     0 1  0 1  1
  -1091.6071899826113     
    22   -111.2839736254        3     0 0  1 0  2
  -111.28397362542846     
    23   -5380.675195132        3     0 0  0 3  0
  -5380.6751951315091     
    24   -14325.81443736        3     0 0  0 1  2
  -14325.814437363833     
    25    290.3054413577        4     3 0  1 0  0
   290.30544135771896     
    26    1436.413415417        4     2 1  1 0  0
   1436.4134154166450     
    27    545.3174931497        4     1 2  1 0  0
   545.31749314970114     
    28   -3843.347608294        4     0 3  1 0  0
  -3843.3476082941879     
    29   -105.6382037361        4     1 0  3 0  0
  -105.63820373608631     
    30    771.2119385515        4     0 1  3 0  0
   771.21193855151841     
    31    460.6622347157        4     3 0  0 1  0
   460.66223471570407     
    32    3273.713146955        4     2 1  0 1  0
   3273.7131469549281     
    33    9127.054744185        4     1 2  0 1  0
   9127.0547441852777     
    34   -29595.64505518        4     0 3  0 1  0
  -29595.645055184210     
    35   -67.45305362784        4     1 0  2 1  0
  -67.453053627841996     
    36    2376.760492499        4     0 1  2 1  0
   2376.7604924994207     
    37    1051.932475435        4     2 0  1 0  1
   1051.9324754351071     
    38    2521.638486649        4     1 1  1 0  1
   2521.6384866487324     
    39   -72361.68142077        4     0 2  1 0  1
  -72361.681420774432     
    40   -2304.391480776        4     0 0  3 0  1
  -2304.3914807758110     
    41    10052.52121258        4     1 0  1 2  0
   10052.521212582515     
    42    46112.77020658        4     0 1  1 2  0
   46112.770206580593     
    43    12343.64779316        4     2 0  0 1  1
   12343.647793157541     
    44    77778.55849634        4     1 1  0 1  1
   77778.558496337544     
    45    489615.0592920        4     0 2  0 1  1
   489615.05929199577     
    46    17250.49657138        4     0 0  2 1  1
   17250.496571383876     
    47    8388.958094512        4     1 0  1 0  2
   8388.9580945116395     
    48    43575.06865961        4     0 1  1 0  2
   43575.068659605560     
    49    15635.38057751        4     1 0  0 3  0
   15635.380577505010     
    50    15074.22734385        4     0 1  0 3  0
   15074.227343845974     
    51    27368.00060140        4     0 0  1 2  1
   27368.000601396907     
    52    115844.1701288        4     1 0  0 1  2
   115844.17012875887     
    53    363930.6859089        4     0 1  0 1  2
   363930.68590887828     
    54   -72401.05715291        4     0 0  1 0  3
  -72401.057152911424     
    55    357877.3989952        4     0 0  0 3  1
   357877.39899520011     
    56    232008.7939990        4     0 0  0 1  3
   232008.79399900453     
    57    1169.029418375        5     4 0  1 0  0
   1169.0294183751375     
    58   -1357.005432079        5     3 1  1 0  0
  -1357.0054320789059     
    59   -18171.14223640        5     2 2  1 0  0
  -18171.142236396863     
    60   -71673.51959157        5     1 3  1 0  0
  -71673.519591574877     
    61    429280.8407282        5     0 4  1 0  0
   429280.84072822321     
    62    2016.827843456        5     2 0  3 0  0
   2016.8278434556235     
    63    2483.496535906        5     1 1  3 0  0
   2483.4965359058592     
    64    48385.61515529        5     0 2  3 0  0
   48385.615155294952     
    65    1094.558830889        5     0 0  5 0  0
   1094.5588308894269     
    66    1993.878672100        5     4 0  0 1  0
   1993.8786720998748     
    67   -2312.670967809        5     3 1  0 1  0
  -2312.6709678092679     
    68   -280297.2145611        5     2 2  0 1  0
  -280297.21456109214     
    69   -1252542.311873        5     1 3  0 1  0
  -1252542.3118730120     
    70   -4798456.410087        5     0 4  0 1  0
  -4798456.4100866830     
    71   -6908.152369407        5     2 0  2 1  0
  -6908.1523694068765     
    72   -193714.2080099        5     1 1  2 1  0
  -193714.20800992410     
    73   -676236.0634577        5     0 2  2 1  0
  -676236.06345774361     
    74   -4553.033379671        5     0 0  4 1  0
  -4553.0333796711848     
    75    6138.356413834        5     3 0  1 0  1
   6138.3564138343136     
    76   -241319.2721085        5     2 1  1 0  1
  -241319.27210851497     
    77   -1466531.170953        5     1 2  1 0  1
  -1466531.1709525792     
    78   -2821651.022815        5     0 3  1 0  1
  -2821651.0228150031     
    79   -1683.142449781        5     1 0  3 0  1
  -1683.1424497805388     
    80   -65944.57670005        5     0 1  3 0  1
  -65944.576700051926     
    81    24998.11082043        5     2 0  1 2  0
   24998.110820430586     
    82   -546892.7756548        5     1 1  1 2  0
  -546892.77565482433     
    83   -338634.2566738        5     0 2  1 2  0
  -338634.25667378621     
    84   -1886.599076233        5     0 0  3 2  0
  -1886.5990762331317     
    85   -10390.02748776        5     3 0  0 1  1
  -10390.027487764719     
    86   -246279.4305721        5     2 1  0 1  1
  -246279.43057211320     
    87   -4851132.951820        5     1 2  0 1  1
  -4851132.9518196844     
    88   -12066639.51690        5     0 3  0 1  1
  -12066639.516902957     
    89   -31011.99701917        5     1 0  2 1  1
  -31011.997019172708     
    90   -839658.1270393        5     0 1  2 1  1
  -839658.12703932379     
    91    131872.7322295        5     2 0  1 0  2
   131872.73222950401     
    92   -1293927.476662        5     1 1  1 0  2
  -1293927.4766621871     
    93    332752.4645999        5     0 2  1 0  2
   332752.46459989948     
    94    193160.0385702        5     0 0  3 0  2
   193160.03857018540     
    95   -89019.69004034        5     2 0  0 3  0
  -89019.690040342350     
    96   -1083854.378893        5     1 1  0 3  0
  -1083854.3788926133     
    97   -7394233.668246        5     0 2  0 3  0
  -7394233.6682457514     
    98   -312048.8738898        5     0 0  2 3  0
  -312048.87388975319     
    99   -496683.5341631        5     1 0  1 2  1
  -496683.53416312084     
   100   -5727669.738609        5     0 1  1 2  1
  -5727669.7386091622     
   101    378856.1814472        5     2 0  0 1  2
   378856.18144722341     
   102    4200925.786332        5     1 1  0 1  2
   4200925.7863319814     
   103    3393161.721456        5     0 2  0 1  2
   3393161.7214555060     
   104   -1201.219701853        5     0 0  2 1  2
  -1201.2197018531867     
   105    757374.1166390        5     1 0  1 0  3
   757374.11663904961     
   106   -3541999.816973        5     0 1  1 0  3
  -3541999.8169734068     
   107    270427.2570067        5     0 0  1 4  0
   270427.25700670824     
   108   -4026105.598972        5     1 0  0 3  1
  -4026105.5989721664     
   109   -18459294.86352        5     0 1  0 3  1
  -18459294.863522507     
   110    1856013.563624        5     0 0  1 2  2
   1856013.5636239157     
   111    1439660.514996        5     1 0  0 1  3
   1439660.5149960644     
   112    5232310.615231        5     0 1  0 1  3
   5232310.6152312756     
   113    3537511.489021        5     0 0  1 0  4
   3537511.4890206647     
   114   -719218.5720827        5     0 0  0 5  0
  -719218.57208266936     
   115    1066720.448437        5     0 0  0 3  2
   1066720.4484374686     
   116    14101363.95993        5     0 0  0 1  4
   14101363.959933788     
                                      

 etall    1, NO =    5, NV =    5, INA =   22
 *********************************************

    I  COEFFICIENT          ORDER   EXPONENTS
     1  -0.1494009677342        1     0 0  1 0  0
 -0.14940096773419451     
     2   -1.007030295441        1     0 0  0 1  0
  -1.0070302954411088     
     3   0.5181077744521        2     1 0  1 0  0
  0.51810777445209277     
     4    1.252032070891        2     0 1  1 0  0
   1.2520320708909727     
     5  -0.2039909229453        2     1 0  0 1  0
 -0.20399092294529109     
     6   -8.894372041567        2     0 1  0 1  0
  -8.8943720415669336     
     7   -14.10482433932        2     0 0  1 0  1
  -14.104824339316590     
     8    24.93083068113        2     0 0  0 1  1
   24.930830681129187     
     9    9.337132439912        3     2 0  1 0  0
   9.3371324399121267     
    10   -11.45661037588        3     1 1  1 0  0
  -11.456610375877270     
    11    311.7311394272        3     0 2  1 0  0
   311.73113942722011     
    12    16.78789018873        3     0 0  3 0  0
   16.787890188727005     
    13   -5.040249842991        3     2 0  0 1  0
  -5.0402498429910221     
    14   -118.1967734923        3     1 1  0 1  0
  -118.19677349228616     
    15   -944.9870866423        3     0 2  0 1  0
  -944.98708664226410     
    16    16.49257966443        3     0 0  2 1  0
   16.492579664431233     
    17   -14.78685903350        3     1 0  1 0  1
  -14.786859033504877     
    18   -296.8272504364        3     0 1  1 0  1
  -296.82725043642824     
    19    167.2535901183        3     0 0  1 2  0
   167.25359011826595     
    20   -349.8654216155        3     1 0  0 1  1
  -349.86542161545651     
    21   -1181.972730092        3     0 1  0 1  1
  -1181.9727300921384     
    22    488.8565818092        3     0 0  1 0  2
   488.85658180919262     
    23   -463.2654455308        3     0 0  0 3  0
  -463.26544553076388     
    24    1608.064317415        3     0 0  0 1  2
   1608.0643174150275     
    25    11.07492439244        4     3 0  1 0  0
   11.074924392440938     
    26    509.4379393155        4     2 1  1 0  0
   509.43793931549266     
    27    4192.337061264        4     1 2  1 0  0
   4192.3370612637063     
    28    10734.61258774        4     0 3  1 0  0
   10734.612587741627     
    29    122.0813927467        4     1 0  3 0  0
   122.08139274665994     
    30    112.1754984995        4     0 1  3 0  0
   112.17549849948942     
    31    77.76203484157        4     3 0  0 1  0
   77.762034841572230     
    32   -48.36870333749        4     2 1  0 1  0
  -48.368703337487837     
    33    4710.848651485        4     1 2  0 1  0
   4710.8486514847709     
    34    22405.25012970        4     0 3  0 1  0
   22405.250129695716     
    35    748.5016487821        4     1 0  2 1  0
   748.50164878206192     
    36    1941.411982283        4     0 1  2 1  0
   1941.4119822832092     
    37   -796.3456683308        4     2 0  1 0  1
  -796.34566833082738     
    38    3561.889877894        4     1 1  1 0  1
   3561.8898778942862     
    39    6551.397336619        4     0 2  1 0  1
   6551.3973366192549     
    40   -668.4801541586        4     0 0  3 0  1
  -668.48015415858652     
    41    2763.141844568        4     1 0  1 2  0
   2763.1418445682480     
    42    6654.105657707        4     0 1  1 2  0
   6654.1056577068448     
    43   -3188.655750845        4     2 0  0 1  1
  -3188.6557508454471     
    44   -22929.01525456        4     1 1  0 1  1
  -22929.015254561145     
    45   -126566.0286311        4     0 2  0 1  1
  -126566.02863105500     
    46   -7778.090285541        4     0 0  2 1  1
  -7778.0902855405084     
    47   -5800.154729952        4     1 0  1 0  2
  -5800.1547299524418     
    48    13605.04106728        4     0 1  1 0  2
   13605.041067281447     
    49    6222.094143999        4     1 0  0 3  0
   6222.0941439985554     
    50    18811.84966561        4     0 1  0 3  0
   18811.849665613936     
    51   -32843.61906461        4     0 0  1 2  1
  -32843.619064613689     
    52   -14578.32257441        4     1 0  0 1  2
  -14578.322574407510     
    53   -22311.07309003        4     0 1  0 1  2
  -22311.073090027297     
    54   -12537.22101475        4     0 0  1 0  3
  -12537.221014745772     
    55   -85912.43286582        4     0 0  0 3  1
  -85912.432865819806     
    56   -137469.4222939        4     0 0  0 1  3
  -137469.42229389507     
    57    269.9140153709        5     4 0  1 0  0
   269.91401537092611     
    58    4379.107206369        5     3 1  1 0  0
   4379.1072063686288     
    59    40850.05822201        5     2 2  1 0  0
   40850.058222012383     
    60    104021.9450618        5     1 3  1 0  0
   104021.94506176388     
    61    130402.4607310        5     0 4  1 0  0
   130402.46073096360     
    62    881.5083214207        5     2 0  3 0  0
   881.50832142070590     
    63   -609.3359187826        5     1 1  3 0  0
  -609.33591878263474     
    64    9624.690959678        5     0 2  3 0  0
   9624.6909596780024     
    65    474.7284395378        5     0 0  5 0  0
   474.72843953777721     
    66    604.1127818091        5     4 0  0 1  0
   604.11278180911734     
    67    12175.63471036        5     3 1  0 1  0
   12175.634710359387     
    68    137300.5802841        5     2 2  0 1  0
   137300.58028407683     
    69    608061.5723600        5     1 3  0 1  0
   608061.57236001652     
    70    2250406.699466        5     0 4  0 1  0
   2250406.6994662387     
    71    7266.127556733        5     2 0  2 1  0
   7266.1275567328576     
    72    34198.59679185        5     1 1  2 1  0
   34198.596791849392     
    73    182861.6490628        5     0 2  2 1  0
   182861.64906281981     
    74    7132.975370470        5     0 0  4 1  0
   7132.9753704704199     
    75    8572.439256840        5     3 0  1 0  1
   8572.4392568402327     
    76    85247.28858075        5     2 1  1 0  1
   85247.288580751047     
    77    452998.3987081        5     1 2  1 0  1
   452998.39870811283     
    78    409638.4537426        5     0 3  1 0  1
   409638.45374262345     
    79    7062.264372756        5     1 0  3 0  1
   7062.2643727563518     
    80    10868.53784658        5     0 1  3 0  1
   10868.537846580441     
    81    29633.49590779        5     2 0  1 2  0
   29633.495907791050     
    82    55364.82198821        5     1 1  1 2  0
   55364.821988212148     
    83    523933.8965249        5     0 2  1 2  0
   523933.89652485348     
    84    56757.68816107        5     0 0  3 2  0
   56757.688161068691     
    85    5982.397504633        5     3 0  0 1  1
   5982.3975046325377     
    86    24477.52459341        5     2 1  0 1  1
   24477.524593410672     
    87    596647.4697655        5     1 2  0 1  1
   596647.46976551658     
    88    402378.6216137        5     0 3  0 1  1
   402378.62161373475     
    89    40641.20598999        5     1 0  2 1  1
   40641.205989989561     
    90    46560.02402128        5     0 1  2 1  1
   46560.024021276186     
    91    77670.88306151        5     2 0  1 0  2
   77670.883061514993     
    92    589273.3792878        5     1 1  1 0  2
   589273.37928777805     
    93    532426.8818392        5     0 2  1 0  2
   532426.88183915592     
    94   -7405.608739025        5     0 0  3 0  2
  -7405.6087390253624     
    95    63748.06046528        5     2 0  0 3  0
   63748.060465277871     
    96    246683.0328078        5     1 1  0 3  0
   246683.03280781835     
    97    2271880.242916        5     0 2  0 3  0
   2271880.2429162953     
    98    226549.7218737        5     0 0  2 3  0
   226549.72187365335     
    99    147014.7952917        5     1 0  1 2  1
   147014.79529174088     
   100   -309163.6474714        5     0 1  1 2  1
  -309163.64747137151     
   101    175283.8405316        5     2 0  0 1  2
   175283.84053164744     
   102   -78641.63600373        5     1 1  0 1  2
  -78641.636003726730     
   103    3598751.047189        5     0 2  0 1  2
   3598751.0471891039     
   104    247407.5853621        5     0 0  2 1  2
   247407.58536213057     
   105    405888.6042385        5     1 0  1 0  3
   405888.60423854273     
   106    1387386.924671        5     0 1  1 0  3
   1387386.9246712097     
   107    509750.2768074        5     0 0  1 4  0
   509750.27680744883     
   108    320246.4882649        5     1 0  0 3  1
   320246.48826490575     
   109    364568.3556603        5     0 1  0 3  1
   364568.35566032183     
   110    1287137.703261        5     0 0  1 2  2
   1287137.7032612772     
   111    1204279.669314        5     1 0  0 1  3
   1204279.6693135221     
   112   -1539577.402110        5     0 1  0 1  3
  -1539577.4021097636     
   113    132975.0722306        5     0 0  1 0  4
   132975.07223064438     
   114    1022653.500069        5     0 0  0 5  0
   1022653.5000687358     
   115    6318204.449584        5     0 0  0 3  2
   6318204.4495844226     
   116    3209912.410340        5     0 0  0 1  4
   3209912.4103400786     
                                      

 etall    1, NO =    5, NV =    5, INA =   23
 *********************************************

    I  COEFFICIENT          ORDER   EXPONENTS
     1    1.000000000000        1     0 0  0 0  1
   1.0000000000000000     
                                      

 etall    1, NO =    5, NV =    5, INA =   34
 *********************************************

    I  COEFFICIENT          ORDER   EXPONENTS
     1  -0.4557263077276E-13    0     0 0  0 0  0
  -4.5572630772761278E-014
     2  -0.4693360601919        1     1 0  0 0  0
 -0.46933606019193963     
     3   -2.548345743940        1     0 1  0 0  0
  -2.5483457439403905     
     4   -390.8635547158        1     0 0  0 0  1
  -390.86355471577451     
     5    6.880395110520        2     2 0  0 0  0
   6.8803951105204142     
     6    37.61792041867        2     1 1  0 0  0
   37.617920418665676     
     7    201.7613215482        2     0 2  0 0  0
   201.76132154821576     
     8    8.845852485173        2     0 0  2 0  0
   8.8458524851728555     
     9    19.93671558129        2     0 0  1 1  0
   19.936715581286222     
    10    65.45740705171        2     1 0  0 0  1
   65.457407051712963     
    11    320.5762842274        2     0 1  0 0  1
   320.57628422742818     
    12    138.3963496310        2     0 0  0 2  0
   138.39634963098283     
    13    1383.812428764        2     0 0  0 0  2
   1383.8124287643739     
    14   -1.975932112266        3     3 0  0 0  0
  -1.9759321122663458     
    15    86.60058821457        3     2 1  0 0  0
   86.600588214573833     
    16    519.5796775448        3     1 2  0 0  0
   519.57967754479864     
    17   -59.82590793699        3     0 3  0 0  0
  -59.825907936989879     
    18    19.39374680629        3     1 0  2 0  0
   19.393746806286913     
    19   -220.6421261615        3     0 1  2 0  0
  -220.64212616154671     
    20   -83.61833902683        3     1 0  1 1  0
  -83.618339026828849     
    21   -502.7928502451        3     0 1  1 1  0
  -502.79285024511125     
    22    32.92834535865        3     2 0  0 0  1
   32.928345358646212     
    23    1473.163381764        3     1 1  0 0  1
   1473.1633817643701     
    24   -1058.367490529        3     0 2  0 0  1
  -1058.3674905287185     
    25   -286.2066549378        3     0 0  2 0  1
  -286.20665493778012     
    26   -674.9012504320        3     1 0  0 2  0
  -674.90125043197941     
    27   -5013.275508336        3     0 1  0 2  0
  -5013.2755083360616     
    28   -2265.638362741        3     0 0  1 1  1
  -2265.6383627408959     
    29    1309.563375487        3     1 0  0 0  2
   1309.5633754870066     
    30    3080.509575571        3     0 1  0 0  2
   3080.5095755712678     
    31   -8744.741228090        3     0 0  0 2  1
  -8744.7412280900298     
    32   -44.40641046080        3     0 0  0 0  3
  -44.406410460800544     
    33   -13.98989624366        4     4 0  0 0  0
  -13.989896243660660     
    34    222.6183719759        4     3 1  0 0  0
   222.61837197592416     
    35    2349.267932779        4     2 2  0 0  0
   2349.2679327792243     
    36    2664.746272024        4     1 3  0 0  0
   2664.7462720235781     
    37    4391.614578768        4     0 4  0 0  0
   4391.6145787679916     
    38   -180.8913458231        4     2 0  2 0  0
  -180.89134582310930     
    39   -1965.137024966        4     1 1  2 0  0
  -1965.1370249656848     
    40    2164.497681407        4     0 2  2 0  0
   2164.4976814070978     
    41    141.0596454224        4     0 0  4 0  0
   141.05964542241969     
    42    977.8931987303        4     2 0  1 1  0
   977.89319873031059     
    43    13205.66350869        4     1 1  1 1  0
   13205.663508692256     
    44    32802.45316158        4     0 2  1 1  0
   32802.453161578705     
    45    1438.905863783        4     0 0  3 1  0
   1438.9058637825599     
    46   -167.8322789238        4     3 0  0 0  1
  -167.83227892382007     
    47    4819.445908417        4     2 1  0 0  1
   4819.4459084165783     
    48   -3042.707896333        4     1 2  0 0  1
  -3042.7078963329577     
    49   -62317.28548025        4     0 3  0 0  1
  -62317.285480249251     
    50   -5055.241214620        4     1 0  2 0  1
  -5055.2412146201477     
    51    2246.557972272        4     0 1  2 0  1
   2246.5579722715061     
    52    1085.457744203        4     2 0  0 2  0
   1085.4577442028767     
    53    32665.57485237        4     1 1  0 2  0
   32665.574852369060     
    54    141123.4580539        4     0 2  0 2  0
   141123.45805386998     
    55    13338.28964295        4     0 0  2 2  0
   13338.289642953931     
    56   -1935.223184144        4     1 0  1 1  1
  -1935.2231841444316     
    57    78589.91600828        4     0 1  1 1  1
   78589.916008279732     
    58    368.1589663487        4     2 0  0 0  2
   368.15896634872183     
    59   -3671.830704327        4     1 1  0 0  2
  -3671.8307043266277     
    60   -133784.4105824        4     0 2  0 0  2
  -133784.41058239804     
    61   -11557.85806732        4     0 0  2 0  2
  -11557.858067315763     
    62    40365.46760482        4     0 0  1 3  0
   40365.467604818492     
    63   -10840.05076400        4     1 0  0 2  1
  -10840.050763995043     
    64    100743.8450277        4     0 1  0 2  1
   100743.84502774329     
    65    16371.10234586        4     0 0  1 1  2
   16371.102345864176     
    66   -15507.59097818        4     1 0  0 0  3
  -15507.590978175906     
    67   -145351.2039899        4     0 1  0 0  3
  -145351.20398985170     
    68    27998.87321058        4     0 0  0 4  0
   27998.873210580190     
    69    44877.69319803        4     0 0  0 2  2
   44877.693198033157     
    70   -47477.04467745        4     0 0  0 0  4
  -47477.044677451326     
    71    107.4075789377        5     5 0  0 0  0
   107.40757893772583     
    72    1115.430129864        5     4 1  0 0  0
   1115.4301298641403     
    73    7079.689907511        5     3 2  0 0  0
   7079.6899075108850     
    74   -12063.76072392        5     2 3  0 0  0
  -12063.760723916186     
    75   -52447.60872974        5     1 4  0 0  0
  -52447.608729737716     
    76    133471.3958093        5     0 5  0 0  0
   133471.39580930729     
    77   -912.2042930102        5     3 0  2 0  0
  -912.20429301017975     
    78   -27654.42477717        5     2 1  2 0  0
  -27654.424777166721     
    79   -69804.53567634        5     1 2  2 0  0
  -69804.535676344865     
    80   -86137.61925922        5     0 3  2 0  0
  -86137.619259221625     
    81    2484.824734751        5     1 0  4 0  0
   2484.8247347508586     
    82   -8911.827579037        5     0 1  4 0  0
  -8911.8275790367552     
    83    4725.964324236        5     3 0  1 1  0
   4725.9643242361599     
    84   -60364.46634002        5     2 1  1 1  0
  -60364.466340016108     
    85   -630472.9995856        5     1 2  1 1  0
  -630472.99958556495     
    86   -1984739.328992        5     0 3  1 1  0
  -1984739.3289923803     
    87    6339.878222617        5     1 0  3 1  0
   6339.8782226166541     
    88   -87828.38173574        5     0 1  3 1  0
  -87828.381735740099     
    89    3489.411453116        5     4 0  0 0  1
   3489.4114531158725     
    90    42359.44290986        5     3 1  0 0  1
   42359.442909858204     
    91    68383.75494279        5     2 2  0 0  1
   68383.754942789848     
    92   -655538.1993002        5     1 3  0 0  1
  -655538.19930020662     
    93   -864593.6080915        5     0 4  0 0  1
  -864593.60809147684     
    94   -17937.15274999        5     2 0  2 0  1
  -17937.152749991161     
    95   -134924.5663866        5     1 1  2 0  1
  -134924.56638659217     
    96   -23638.70946647        5     0 2  2 0  1
  -23638.709466470485     
    97    5290.345571668        5     0 0  4 0  1
   5290.3455716676954     
    98    24890.44441304        5     3 0  0 2  0
   24890.444413035395     
    99    184235.5262490        5     2 1  0 2  0
   184235.52624903474     
   100    867287.7222671        5     1 2  0 2  0
   867287.72226706985     
   101    3492807.915499        5     0 3  0 2  0
   3492807.9154988318     
   102   -43864.17500926        5     1 0  2 2  0
  -43864.175009259612     
   103   -612460.8991460        5     0 1  2 2  0
  -612460.89914602193     
   104    92915.00303471        5     2 0  1 1  1
   92915.003034710928     
   105    82016.07271914        5     1 1  1 1  1
   82016.072719138567     
   106    720434.0540373        5     0 2  1 1  1
   720434.05403725710     
   107    3393.834968915        5     0 0  3 1  1
   3393.8349689154716     
   108    45292.43624369        5     3 0  0 0  2
   45292.436243685850     
   109    245309.2606625        5     2 1  0 0  2
   245309.26066248570     
   110   -1622674.055993        5     1 2  0 0  2
  -1622674.0559933088     
   111   -3232692.638707        5     0 3  0 0  2
  -3232692.6387074860     
   112    9360.254053436        5     1 0  2 0  2
   9360.2540534364562     
   113    57357.03816976        5     0 1  2 0  2
   57357.038169755397     
   114   -23815.51566625        5     1 0  1 3  0
  -23815.515666248299     
   115   -592813.0044778        5     0 1  1 3  0
  -592813.00447784748     
   116    355193.2306971        5     2 0  0 2  1
   355193.23069713108     
   117    3921868.433167        5     1 1  0 2  1
   3921868.4331672830     
   118    11210909.37927        5     0 2  0 2  1
   11210909.379271423     
   119   -475154.3708993        5     0 0  2 2  1
  -475154.37089932943     
   120    1278049.862044        5     1 0  1 1  2
   1278049.8620443039     
   121   -598684.7428150        5     0 1  1 1  2
  -598684.74281503446     
   122    145591.5564370        5     2 0  0 0  3
   145591.55643704761     
   123   -341790.2908489        5     1 1  0 0  3
  -341790.29084887856     
   124   -5320710.872939        5     0 2  0 0  3
  -5320710.8729390800     
   125    186423.3146497        5     0 0  2 0  3
   186423.31464970688     
   126    272261.9740323        5     1 0  0 4  0
   272261.97403232823     
   127    2451002.230188        5     0 1  0 4  0
   2451002.2301883297     
   128   -2067504.259412        5     0 0  1 3  1
  -2067504.2594121250     
   129    3038023.682666        5     1 0  0 2  2
   3038023.6826660484     
   130    17518967.71824        5     0 1  0 2  2
   17518967.718237702     
   131    2690130.958903        5     0 0  1 1  3
   2690130.9589027446     
   132   -109859.0078872        5     1 0  0 0  4
  -109859.00788723974     
   133   -465846.5484381        5     0 1  0 0  4
  -465846.54843813973     
   134   -1841466.452430        5     0 0  0 4  1
  -1841466.4524296713     
   135    5340560.484102        5     0 0  0 2  3
   5340560.4841021085     
   136   -874951.3014998        5     0 0  0 0  5
  -874951.30149980553     
                                      
