@ NAME             %05s "MODEL"
@ TYPE             %04s "USER"
@ TITLE            %08s "no-title"
@ ORIGIN           %16s "5.04.02 Linux 64"
@ DATE             %08s "01/02/19"
@ TIME             %08s "15.47.56"
*                 Q1                 Q2            BETAX64            BETAY64            DISPX64            DISPY64            BETAX65            BETAY65            DISPX65            DISPY65            BETAX68            BETAY68            DISPX68            DISPY68            BETAX85            BETAY85            DISPX85            DISPY85 
$                %le                %le                %le                %le                %le                %le                %le                %le                %le                %le                %le                %le                %le                %le                %le                %le                %le                %le 
               6.07                6.1        8.504112334        27.16298095        3.769507939                  0        16.40325121        14.62551118        5.304216456                  0        22.26956989        15.94883986        3.805932562                  0         33.6357779        9.072749669        4.703659066                  0
               6.08                6.1         9.01115961        27.01034253        3.667079266                  0        17.13130233        14.54899518        5.076004827                  0        20.87712921        16.09480298        3.552807307                  0        31.70939723        9.123874033         4.40411361                  0
               6.09                6.1        9.437901546        26.85631222        3.571950153                  0        17.74893262        14.47175265        4.885223393                  0        19.80629537        16.24425775        3.368286993                  0        30.25876004        9.176101714        4.186444308                  0
                6.1                6.1        9.800990381        26.70185425        3.484565611                  0        18.27618353        14.39426906        4.722332361                  0        18.95353316        16.39635192        3.228034485                  0        29.13025509        9.229127983        4.021299104                  0
               6.11                6.1        10.11308252         26.5476186        3.404563087                  0        18.72955663        14.31687293        4.581027313                  0         18.2550317        16.55049617        3.117921344                  0        28.22911397        9.282742182        3.891713469                  0
               6.12                6.1        10.38385064        26.39405003        3.331284284                  0        19.12229891        14.23979023        4.456877275                  0         17.6694956        16.70627359        3.029218336                  0        27.49395228        9.336795304        3.787258189                  0
               6.13                6.1        10.62075428        26.24145631        3.263998869                  0        19.46496754        14.16317842        4.346630207                  0        17.16910543        16.86338291        2.956254259                  0        26.88338546        9.391179699        3.701194056                  0
               6.14                6.1        10.82960645        26.09005181        3.202000386                  0        19.76598289        14.08714815        4.247822874                  0        16.73447934        17.02160223        2.895189512                  0        26.36856251        9.445816097        3.628984034                  0
               6.15                6.1          11.014986        25.93998594        3.144643929                  0        20.03209215        14.01177752        4.158544356                  0        16.35172278        17.18076531         2.84333361                  0        25.92879036        9.500645111        3.567467244                  0
               6.16                6.1        11.18053794         25.7913622        3.091357115                  0         20.2687367        13.93712154         4.07728395                  0         16.0106274        17.34074565        2.798745708                  0        25.54886032         9.55562156        3.514376809                  0
               6.17                6.1        11.32919326        25.64425109        3.041639117                  0        20.48033647         13.8632186        4.002828777                  0        15.70353127        17.50144565        2.759990539                  0        25.21735495        9.610710591        3.468046196                  0
               6.18                6.1        11.46333145        25.49869912        2.995054734                  0        20.67050836        13.79009496        3.934192327                  0        15.42457502        17.66278908        2.725983702                  0        24.92554215        9.665884979        3.427223704                  0
               6.19                6.1        11.58490171        25.35473512        2.951226849                  0        20.84223398        13.71776791        3.870563177                  0        15.16920283        17.82471573        2.695890426                  0        24.66663284        9.721123211        3.390951493                  0
                6.2                6.1        11.69551423        25.21237483        2.909828774                  0        20.99798889        13.64624808        3.811267304                  0        14.93381967        17.98717751        2.669057441                  0        24.43527064        9.776408111        3.358484495                  0
               6.21                6.1        11.79650978        25.07162419        2.870577172                  0        21.13984271        13.57554107        3.755739879                  0        14.71555062        18.15013567        2.644966001                  0        24.22717349         9.83172583        3.329234705                  0
               6.22                6.1        11.88901326        24.93248178        2.833225778                  0        21.26953727        13.50564868        3.703503795                  0        14.51206869         18.3135587        2.623198768                  0        24.03887707        9.887065095        3.302732067                  0
                6.1               6.11        9.879472391        25.99594172        3.462100408                  0        18.38864756        13.99583445        4.691041787                  0        18.73169412        16.87999715        3.212999914                  0        28.89802072        9.512941904        4.011901105                  0
               6.11               6.11        10.18642131        25.85893157        3.382884231                  0        18.83579209        13.92730148        4.551470385                  0        18.05534141        17.02980342        3.105003231                  0         28.0258276        9.563167236        3.884549272                  0
               6.12               6.11        10.45248341        25.72253716        3.310444392                  0        19.22260893        13.85906324        4.428943973                  0        17.48775789        17.18103456        3.017951366                  0        27.31400042        9.613742708        3.781805685                  0
               6.13               6.11        10.68510849        25.58701703        3.244010438                  0        19.55975121        13.79125169        4.320213228                  0        17.00218307         17.3334097        2.946309428                  0         26.7225733        9.664571795        3.697088156                  0
               6.14               6.11        10.89008307        25.45255051        3.182851528                  0        19.85567215        13.72395921        4.222818504                  0         16.5799718        17.48672251        2.886326252                  0         26.2236829        9.715583685        3.625961025                  0
               6.15               6.11        11.07195309        25.31926205        3.126308317                  0        20.11711834        13.65725067        4.134853615                  0        16.20775597         17.6408187        2.835370955                  0        25.79734225        9.766725533         3.56533131                  0
               6.16               6.11        11.23432939        25.18723734        3.073800291                  0        20.34951345        13.59117156         4.05481343                  0        15.87571217        17.79558114        2.791544198                  0         25.4288593        9.817957298        3.512979078                  0
               6.17               6.11        11.38011024         25.0565343        3.024822495                  0        20.55725169        13.52575338        3.981491083                  0        15.57646584        17.95091964        2.753440447                  0        25.10720232        9.869248232        3.467271157                  0
               6.18               6.11        11.51164505        24.92719069        2.978938136                  0         20.7439214        13.46101747        3.913906206                  0         15.3043759         18.1067639         2.71999714                  0        24.82393238        9.920574433        3.426980133                  0
               6.19               6.11        11.63085591        24.79922946         2.93577009                  0        20.91247551        13.39697767        3.851253408                  0        15.05505505        18.26305851        2.690395892                  0        24.57248674        9.971917125        3.391166228                  0
                6.2               6.11        11.73932904        24.67266261        2.894992636                  0        21.06536227        13.33364224        3.792864456                  0         14.8250401        18.41975933        2.663995971                  0         24.3476863        10.02326141        3.359098062                  0
               6.21               6.11        11.83838419        24.54749392        2.856323975                  0        21.20462613        13.27101527        3.738179972                  0        14.61156058        18.57683085        2.640288383                  0        24.14538948        10.07459537        3.330198174                  0
               6.22               6.11        11.92912792        24.42372106        2.819519696                  0         21.3319862        13.20909768        3.686727927                  0        14.41237314         18.7342443        2.618863497                  0        23.96224464        10.12590938        3.304004763                  0
                6.1               6.12        9.958719781        25.43063503        3.439176416                  0        18.50300587        13.67610773        4.659187672                  0         18.5120611        17.29705535        3.198039289                  0        28.66701298        9.756253023        4.002644942                  0
               6.11               6.12        10.26037208        25.30749709        3.360814286                  0        18.94358507         13.6146844         4.52142974                  0        17.85758573        17.44275276        3.092143588                  0        27.82358961        9.803350548        3.877506074                  0
               6.12               6.12        10.52160874        25.18493216        3.289270334                  0        19.32421162        13.55353986        4.400595023                  0        17.30773699        17.58969798        3.006732354                  0        27.13495348        9.850726697        3.776458839                  0
               6.13               6.12        10.74986147        25.06315965        3.223735694                  0        19.65561707        13.49278586          4.2934384                  0        16.83680061        17.73762995        2.936405162                  0        26.56254983        9.898295154          3.6930762                  0
               6.14               6.12        10.95088418        24.94233114        3.163456676                  0        19.94627464        13.43250033        4.197505341                  0        16.42685877        17.88635734        2.877498179                  0        26.07949702        9.945992834        3.623022705                  0
               6.15               6.12         11.1291853        24.82255136        3.107760802                  0        20.20292082        13.37273778        4.110895781                  0        16.06506284        18.03573746        2.827439441                  0        25.66650966        9.993772835        3.563272533                  0
               6.16               6.12        11.28833818        24.70389201        3.056060507                  0         20.4309545        13.31353621        4.032111359                  0        15.74196927        18.18566217        2.784370682                  0         25.3094088        10.04159977        3.511652209                  0
               6.17               6.12        11.43120588         24.5864012        3.007847594                  0        20.63473892        13.25492177        3.959952233                  0         15.4504869        18.33604842        2.746915827                  0        24.99754577        10.08944657        3.466561596                  0
               6.18               6.12        11.56010576        24.47010994          2.9626844                  0         20.8178298          13.196912        3.893445012                  0        15.18518999         18.4868316        2.714033965                  0        24.72277272        10.13729231        3.426797343                  0
               6.19               6.12         11.6769314        24.35503668        2.920194382                  0        20.98314832        13.13951809        3.831791035                  0        14.94185743        18.63796089        2.684922978                  0        24.47875169        10.18512064        3.391437578                  0
                6.2               6.12        11.78324392         24.2411906        2.880053263                  0        21.13311305        13.08274654        3.774328425                  0        14.71715607         18.7893959        2.658954586                  0        24.26047953        10.23291868        3.359764494                  0
               6.21               6.12        11.88034115        24.12857396        2.841981174                  0        21.26974143        13.02660031         3.72050373                  0        14.50841849        18.94110426        2.635629492                  0        24.06395422         10.2806762        3.331211099                  0
               6.22               6.12        11.96931069        24.01718385        2.805735879                  0        21.39472835        12.97107969        3.669850389                  0        14.31348382        19.09305979        2.614545727                  0        23.88593597        10.32838501        3.305323779                  0
                6.1               6.13        10.03856847        24.97025481        3.415835229                  0        18.61901478        13.41523201        4.626827518                  0        18.29508162        17.65981369        3.183181881                  0         28.4377285        9.966367988        3.993548101                  0
               6.11               6.13        10.33478518        24.85848197        3.338393711                  0        19.05271055        13.35960746        4.490960028                  0        17.66215301        17.80167114        3.079367089                  0        27.62281865        10.01059686        3.870596677                  0
               6.12               6.13        10.59109046        24.74724655        3.267800828                  0        19.42690021        13.30424819        4.371881835                  0         17.1297738        17.94462462        2.995582368                  0        26.95716852        10.05504635        3.771226965                  0
               6.13               6.13         10.8148894        24.63673625        3.203211299                  0        19.75237553        13.24924967        4.266353754                  0        16.67326004        18.08843199        2.926559632                  0        26.40362253        10.09963942        3.689164836                  0
               6.14               6.13         11.0118971        24.52708031        3.143850305                  0        20.03761661        13.19467823        4.171928046                  0        16.27540979         18.2329162        2.868721088                  0        25.93627187        10.14431993        3.620173656                  0
               6.15               6.13        11.18658006        24.41836757        3.089033645                  0        20.28934031        13.14058005        4.086712252                  0        15.92388554        18.37794551        2.819552883                  0        25.53652601        10.18904633        3.561293866                  0
               6.16               6.13        11.34247082        24.31065856        3.038167856                  0         20.5129137        13.08698718         4.00921603                  0        15.60961735        18.52342032        2.777237309                  0        25.19071414        10.23378738        3.510397859                  0
               6.17               6.13        11.48239478        24.20399357        2.990742423                  0        20.71266383         13.0339215        3.938247596                  0         15.3257928        18.66926425        2.740427405                  0        24.88856683         10.2785193        3.465918132                  0
               6.18               6.13        11.60863549        24.09839826        2.946319557                  0        20.89210993        12.98139756        3.872841388                  0         15.0671979        18.81541805        2.708103684                  0        24.62222442        10.32322377        3.426675119                  0
               6.19               6.13        11.72305665        23.99388755         2.90452389                  0        21.05413844        12.92942449        3.812206163                  0        14.82977496        18.96183519        2.679480135                  0        24.38557144        10.36788658        3.391764656                  0
                6.2               6.13        11.82719323        23.89046848        2.865033073                  0          21.201136        12.87800739         3.75568697                  0        14.61031874        19.10847882        2.653940819                  0        24.17377899        10.41249659        3.360482366                  0
               6.21               6.13        11.92232037        23.78814217        2.827569558                  0        21.33509122         12.8271484        3.702736743                  0        14.40626314        19.25531945        2.630996055                  0        23.98298321        10.45704504        3.332271617                  0
               6.22               6.13        12.00950607        23.68690538        2.791893601                  0        21.45767345        12.77684737        3.652894769                  0        14.21552842         19.4023333        2.610251479                  0        23.81005507        10.50152497        3.306686907                  0
                6.1               6.14        10.11889591        24.58997662        3.392108115                  0        18.73648502        13.19937155        4.594003974                  0        18.08105761        17.97790574        3.168447661                  0        28.21051796        10.14899277        3.984621643                  0
               6.11               6.14         10.4095493        24.48765042        3.315652967                  0        19.16299497        13.14854298        4.460101974                  0        17.46930487        18.11620266        3.066690679                  0        27.42380959        10.19059892        3.863829059                  0
               6.12               6.14        10.66082771        24.38583181        3.246065014                  0        19.53051617        13.09796825        4.342842798                  0        16.95409769        18.25546446        2.984515956                  0        26.78089655        10.23237835        3.766115737                  0
               6.13               6.14        10.88010092        24.28468252        3.182464811                  0        19.84988202        13.04772952        4.238995172                  0        16.51176438        18.39546683        2.916785441                  0        26.24600726        10.27426234         3.68535798                  0
               6.14               6.14        11.07303906        24.18431343        3.124058275                  0        20.12956623        12.99788365        4.146119977                  0        16.12580597         18.5360462        2.860005971                  0        25.79419462        10.31620102        3.617416425                  0
               6.15               6.14        11.24406223        24.08480045        3.070150997                  0        20.37625645        12.94847006        4.062333923                  0        15.78438667        18.67708108        2.811720925                  0         25.4075548        10.35815759        3.559396782                  0
               6.16               6.14          11.396659          23.986195        3.020144816                  0        20.59528103        12.89951596        3.986155985                  0        15.47880316        18.81847983        2.770152578                  0          25.072919        10.40010447        3.509216646                  0
               6.17               6.14        11.53361477        23.88853104        2.973527857                  0         20.7909257         12.8510398        3.916403501                  0        15.20251658        18.96017233        2.733982701                  0        24.78039244        10.44202079        3.465340702                  0
               6.18               6.14        11.65717754        23.79182991        2.929862961                  0        20.96666938        12.80305371        3.852119592                  0        14.95052069        19.10210426        2.702212973                  0        24.52240013        10.48389053        3.426612852                  0
               6.19               6.14        11.76917983        23.69610373        2.888776543                  0        21.12536092        12.75556517        3.792521134                  0        14.71891817         19.2442331        2.674073305                  0        24.29304641        10.52570134        3.392146414                  0
                6.2               6.14         11.8711295        23.60135784        2.849948664                  0        21.26935281        12.70857821        3.736960658                  0        14.50462929        19.38652521        2.648959972                  0         24.0876745        10.56744359         3.36125028                  0
               6.21               6.14        11.96427828        23.50759252        2.813104487                  0        21.40060321         12.6620943        3.684897944                  0        14.30518737        19.52895376        2.626392814                  0        23.90255706        10.60910977        3.333378054                  0
               6.22               6.14        12.04967401        23.41480429        2.778007073                  0        21.52075461        12.61611297        3.635878496                  0        14.11859233        19.67149719        2.605985003                  0         23.7346745        10.65069396        3.308092253                  0
                6.1               6.15        10.19960879        24.27202812        3.368019101                  0        18.85526596        13.01860743        4.560749303                  0        17.87018984        18.25895904        3.153850154                  0        27.98562989        10.30863218        3.975872201                  0
               6.11               6.15        10.48458012        24.17765051         3.29261551                  0        19.27430118        12.97179213        4.428886567                  0        17.27921498        18.39397002        3.054125951                  0        27.22677085        10.34784354        3.857207878                  0
               6.12               6.15        10.73074441        24.08375541        3.224085324                  0        19.63493506          12.925221        4.313507204                  0        16.78086079        18.52983164        2.973543156                  0        26.60631466         10.3871893        3.761128336                  0
               6.13               6.15        10.94542741        23.99048288        3.161517414                  0        19.94802369        12.87896514        4.211390061                  0        16.35244822        18.66633636        2.907091339                  0        26.08985609        10.42660821        3.681657681                  0
               6.14               6.15        11.13424809        23.89792862        3.104100432                  0        20.22202109        12.83307359        4.120106604                  0        15.97816734         18.8033332        2.851360505                  0        25.65339703        10.46605599        3.614752181                  0
               6.15               6.15        11.30157579        23.80615782        3.051131351                  0         20.4635762         12.7875802        4.037784362                  0        15.64667395        18.94071026        2.803950332                  0        25.27971102        10.50550005        3.557581753                  0
               6.16               6.15        11.45085197        23.71521439        3.002008559                  0        20.67797177        12.74250821        3.962952975                  0        15.34962394        19.07838326        2.763122471                  0         24.9561244        10.54491609        3.508108495                  0
               6.17               6.15        11.58481976        23.62512709        2.956219804                  0        20.86944723        12.69787325        3.894439985                  0        15.08074638        19.21628788        2.727587025                  0        24.67311181        10.58428574        3.464828791                  0
               6.18               6.15        11.70568996        23.53591374         2.91332933                  0        21.04143745        12.65368549        3.831298065                  0        14.83523856        19.35437438        2.696366555                  0        24.42337902        10.62359503        3.426609677                  0
               6.19               6.15        11.81526269        23.44758417        2.872965946                  0        21.19675092        12.60995106        3.772752903                  0        14.60936025        19.49260387        2.668706704                  0        24.20124713         10.6628332         3.39258171                  0
                6.2               6.15         11.9150178        23.36014237        2.834812606                  0        21.33770391        12.56667313        3.718165078                  0        14.40015468        19.63094571        2.644015815                  0        24.00222916        10.70199194        3.362066873                  0
               6.21               6.15        12.00618289        23.27358795        2.798597569                  0        21.46622251        12.52385265        3.667001662                  0         14.2052526        19.76937547        2.621823148                  0        23.82273238         10.7410648        3.334528875                  0
               6.22               6.15        12.08978513        23.18791729        2.764087016                  0        21.58392111        12.48148891        3.618814741                  0        14.02273196        19.90787358        2.601749331                  0        23.65984522        10.78004677         3.30953815                  0
                6.1               6.16        10.28063474        24.00336901        3.343587041                  0        18.97523487        12.86565226        4.527088366                  0        17.66260757        18.50907364        3.139398352                  0           27.76324        10.44888102        3.967303318                  0
               6.11               6.16        10.55981256         23.9157492        3.269299783                  0        19.38651836        12.82222846        4.397337855                  0          17.091995        18.64106076        3.041680736                  0        27.03184938        10.48590615        3.850735484                  0
               6.12               6.16        10.80078219        23.82859064        3.201879398                  0        19.74005699        12.77904059        4.283897852                  0        16.61016083        18.77379829        2.962670827                  0        26.43354744        10.52303358        3.756266212                  0
               6.13               6.16        11.01081646        23.74201521        3.140385743                  0        20.04671052        12.73615053        4.183559774                  0        16.19539803        18.90709441        2.897483368                  0        25.93527589        10.56020877        3.678064695                  0
               6.14               6.16        11.19547708        23.65610584        3.083992329                  0        20.31489995        12.69360078        4.093907774                  0        15.83257103        19.04080987        2.842790029                  0        25.51397161        10.59739237        3.612181139                  0
               6.15               6.16         11.3590783        23.57091878        3.031989165                  0        20.55122608        12.65142054        4.013081927                  0        15.51081666        19.17484167        2.796245836                  0         25.1530754        10.63455555        3.555848569                  0
               6.16               6.16        11.50501141        23.48649168         2.98377248                  0        20.76091932        12.60962974        3.939623925                  0        15.22214221        19.30911239        2.756151198                  0         24.8404012        10.67167689        3.507072855                  0
               6.17               6.16        11.63597508        23.40284895        2.938830646                  0        20.94816785        12.56824168        3.872372617                  0        14.96053888        19.44356303        2.721244128                  0        24.56678752        10.70874026        3.464381581                  0
               6.18               6.16        11.75414131        23.32000549        2.896730093                  0        21.11635892        12.52726491        3.810391112                  0        14.72140308        19.57814804        2.690567784                  0        24.32521662        10.74573342        3.426664564                  0
               6.19               6.16        11.86127663        23.23796928        2.857102637                  0        21.26825797        12.48670446         3.75291461                  0        14.50114827        19.71283192        2.663383333                  0        24.11022312        10.78264703        3.393069348                  0
                6.2               6.16        11.95883204        23.15674317        2.819634612                  0        21.40614301        12.44656279        3.699312291                  0        14.29693797        19.84758671         2.63911104                  0        23.91748723         10.8194739         3.36293082                  0
               6.21               6.16        12.04801036        23.07632626        2.784057759                  0        21.53190656        12.40684043        3.649058968                  0        14.10649829        19.98239018        2.617289475                  0        23.74354893         10.8562085        3.335722655                  0
               6.22               6.16        12.12981761        22.99671485        2.750141681                  0        21.64713373        12.36753648         3.60171367                  0        13.92798355        20.11722457        2.597546641                  0        23.58560303        10.89284658        3.311023099                  0
                6.1               6.17        10.36191669        23.77422398        3.318827026                  0        19.09628972        12.73503661        4.493040666                  0        17.45838884         18.7331763        3.125098015                  0        27.54347123        10.57263768        3.958916359                  0
               6.11               6.17        10.63519566        23.69240018        3.245720589                  0        19.49955505         12.6945025        4.365474849                  0        16.90771215         18.8623858        3.029360175                  0         26.8391476        10.60766615        3.844412602                  0
               6.12               6.17        10.87089557        23.61101953        3.179461386                  0        19.84580015        12.65419735        4.254032835                  0        16.44205665        18.99225723        2.951903561                  0        26.26268157         10.6427703        3.751529601                  0
               6.13               6.17        11.07622748        23.53018849        3.119083122                  0        20.14586926        12.61417521        4.155521279                  0        16.04066588        19.12261344         2.88796563                  0        25.78234088        10.67790156        3.674578878                  0
               6.14               6.17        11.25668971        23.44997918        3.063746395                  0        20.40813707        12.57447305        4.067539258                  0        15.68906354        19.25332609         2.83429821                  0        25.37598258        10.71302502        3.609702853                  0
               6.15               6.17         11.4165372         23.3704403        3.012735966                  0        20.63914694        12.53511617        3.988241191                  0        15.37685659        19.38430044         2.78861072                  0        25.02770393        10.74811516        3.554196547                  0
               6.16               6.17        11.55910805         23.2916042         2.96544723                  0        20.84407027        12.49612172        3.916182252                  0        15.09639575        19.51546541        2.749241699                  0         24.7257986        10.78315308        3.506108855                  0
               6.17               6.17        11.68705434        23.21349165        2.921370201                  0        21.02703921        12.45750105        3.850213729                  0        14.84192837        19.64676691        2.714956649                  0        24.46146305        10.81812462        3.463998052                  0
               6.18               6.17        11.80250771        23.13611512        2.880074288                  0        21.19138986        12.41926134         3.78941005                  0        14.60904547        19.77816326        2.684819029                  0        24.22795154        10.85301908        3.426776379                  0
               6.19               6.17        11.90720002          23.059481        2.841194933                  0        21.33984201        12.38140672         3.73301663                  0        14.39431071        19.90962202        2.658105323                  0        24.02000877        10.88782833        3.393608105                  0
                6.2               6.17        12.00255253        22.98359125        2.804422332                  0         21.4746335        12.34393905         3.68041181                  0        14.19500523         20.0411177        2.634247568                  0        23.83347955        10.92254615         3.36384083                  0
               6.21               6.17        12.08974272        22.90844455         2.76949209                  0        21.59762177        12.30685854        3.631078584                  0        14.00894833        20.17263007        2.612793529                  0        23.66503439        10.95716781        3.336958055                  0
               6.22               6.17          12.169755        22.83403713        2.736177539                  0        21.71036154        12.27016413        3.584583279                  0          13.834369        20.30414298        2.593378499                  0        23.51197287        10.99168967        3.312545728                  0
                6.1               6.18        10.44340892        23.57712566        3.293751371                  0        19.21834401        12.62257768        4.458621773                  0        17.25757452        18.93528433        3.110952573                  0        27.32640777        10.68226193        3.950711141                  0
               6.11               6.18        10.71068887        23.50030978        3.221890031                  0        19.61333441        12.58452257        4.333312851                  0        16.72640152        19.06194578         3.01716747                  0        26.64873532        10.71546553        3.838238806                  0
               6.12               6.18        10.94104862        23.42392159        3.156842854                  0        19.95209629        12.54669047        4.223926765                  0        16.27657892        19.18919055         2.94124431                  0        26.09377594        10.74872266        3.746917882                  0
               6.13               6.18        11.14162859        23.34805435        3.097620422                  0        20.24543919        12.50912877        4.127288299                  0        15.88827897        19.31685521        2.878540826                  0        25.63110144        10.78199008        3.671199452                  0
               6.14               6.18        11.31785766        23.27277096        3.043372746                  0        20.50167831        12.47186976        4.041013808                  0        15.54766923        19.44482157        2.825887506                  0        25.23947348         10.8152368        3.607316416                  0
               6.15               6.18        11.47392722        23.19811366        2.993381113                  0        20.72729031        12.43493542        3.963273931                  0        15.24481572        19.57300256        2.781047214                  0        24.90363462        10.84844026        3.552624676                  0
               6.16               6.18        11.61311928        23.12411031        2.947041431                  0        20.92738108        12.39834052         3.89263879                  0        14.97240448        19.70133294        2.742395995                  0        24.61234999        10.88158379        3.505215404                  0
               6.17               6.18        11.73803723        23.05077862        2.903846398                  0        21.10602204        12.36209479        3.827973259                  0        14.72493298        19.82976314        2.708726416                  0         24.3571679        10.91465494        3.463677053                  0
               6.18               6.18        11.85077087        22.97812896        2.863369197                  0        21.26649472        12.32620424        3.768363985                  0        14.49818227        19.95825505        2.679121946                  0           24.13161        10.94764436        3.426943922                  0
               6.19               6.18        11.95301629        22.90616642        2.825249513                  0        21.41147076        12.29067224        3.713067303                  0        14.28886271        20.08677903        2.652874175                  0        23.93062752        10.98054497        3.394196747                  0
                6.2               6.18        12.04616427        22.83489219        2.789181893                  0        21.54314592        12.25550017        3.661471266                  0        14.09437029        20.21531182        2.629426759                  0        23.75022709         11.0133514        3.364795651                  0
               6.21               6.18        12.13136633        22.76430462        2.754906184                  0        21.66334116        12.22068794        3.613067496                  0        13.91261538        20.34383502        2.608336544                  0        23.58720763        11.04605958        3.338233812                  0
               6.22               6.18        12.20958485        22.69439989        2.722199748                  0        21.77357978        12.18623439        3.567429964                  0        13.74189993        20.47233396        2.589246026                  0        23.43897178        11.07866643        3.314104772                  0
                6.1               6.19        10.52507427         23.4062732        3.268370317                  0        19.34132316        12.52502292         4.42384433                  0        17.06017829        19.11870374        3.096963765                  0        27.11210491        10.77969284        3.942686372                  0
               6.11               6.19         10.7862595        23.33381088        3.197818191                  0        19.72779075        12.48910625        4.300864396                  0        16.54807465        19.24303042        3.005104409                  0        26.46065807        10.81122715        3.832212851                  0
               6.12               6.19        11.01121261        23.26176301        3.134033427                  0        20.05888753        12.45340755        4.193591657                  0        16.11373777        19.36787025        2.930694829                  0        25.92686879        10.84279649        3.742429827                  0
               6.13               6.19        11.20699451        23.19021146        3.076006673                  0        20.34536919        12.41796851        4.098872126                  0        15.73824637        19.49307257        2.869210627                  0         25.4815902        10.87436239         3.66792519                  0
               6.14               6.19        11.37895857        23.11921123        3.022879763                  0        20.59547833        12.38281736        4.014341918                  0        15.40839632        19.61852867        2.817559485                  0        25.10447254        10.90589737        3.605020601                  0
               6.15               6.19        11.53122855        23.04879901        2.973932332                  0        20.81561584        12.34797325        3.938189828                  0        15.11470156        19.74415854        2.773556774                  0        24.78089207        10.93738145        3.551131724                  0
               6.16               6.19        11.66702747        22.97899882        2.928562183                  0        21.01081567        12.31344896        3.869002432                  0         14.8501753        19.86990238        2.735615428                  0        24.50007703        10.96879994        3.504391266                  0
               6.17               6.19        11.78890799         22.9098257        2.886265742                  0        21.18508393        12.27925278        3.805659354                  0        14.60955905        19.99571478        2.702554663                  0        24.25392127         11.0001419        3.463417345                  0
               6.18               6.19        11.89891665         22.8412883        2.846620774                  0        21.34164428        12.24538977         3.74726037                  0         14.3888193        20.12156088        2.673477665                  0        24.03620909        11.03139916        3.427165958                  0
               6.19               6.19        11.99871273        22.77339056        2.809271828                  0        21.48311774        12.21186263         3.69307344                  0        14.18480959        20.24741361        2.647690922                  0        23.84209465        11.06256555        3.394834049                  0
                6.2               6.19        12.08965575        22.70613306        2.773918281                  0        21.61165619        12.17867234        3.642496887                  0        13.99503804        20.37325178        2.624649556                  0         23.6677436        11.09363643        3.365794066                  0
               6.21               6.19        12.17287075        22.63951383        2.740304604                  0        21.72904276        12.14581857        3.595031394                  0        13.81750391        20.49905861        2.603919382                  0        23.51008107         11.1246083        3.339548723                  0
               6.22               6.19        12.24929763        22.57352906        2.708212485                  0        21.83676827        12.11330007         3.55025893                  0        13.65058038        20.62482077        2.585150012                  0        23.36661099        11.15547856        3.315699045                  0
                6.1                6.2        10.60688214         23.2570916        3.242692529                  0        19.46516187        12.43980493        4.388718781                  0        16.86619377        19.28617939        3.083132096                  0        26.90059618        10.86653758        3.934839976                  0
               6.11                6.2        10.86188088         23.1884328        3.173513615                  0        19.84286707        12.40574092        4.268139927                  0         16.3727258        19.40836946        2.993171747                  0        26.27494312        10.89654363         3.82633291                  0
               6.12                6.2        11.08136431         23.1201771        3.111041252                  0        20.16612404        12.37189066        4.163037552                  0        15.95352817        19.53100973        2.920255989                  0        25.76198288        10.92656924        3.738063782                  0
               6.13                6.2        11.27230491        23.05239651        3.054249496                  0        20.44561555        12.33829085         4.07028221                  0        15.59056377        19.65396149         2.85997595                  0        25.33382654        10.95658019        3.664754557                  0
               6.14                6.2        11.43997465        22.98513917        3.002274498                  0        20.68949861        12.30496627        3.987532363                  0        15.27124115         19.7771248        2.809315061                  0        24.97099647         10.9865521        3.602813955                  0
               6.15                6.2        11.58842552        22.91843699        2.954396107                  0        20.90408943        12.27193362        3.912996966                  0        14.98651099        19.90042625        2.766140283                  0        24.65949093        11.01646731        3.549716303                  0
               6.16                6.2        11.72081875        22.85231067         2.91001542                  0        21.09434372        12.23920393        3.845280591                  0        14.72970551        20.02381101        2.728900838                  0        24.38899263        11.04631287        3.503635106                  0
               6.17                6.2        11.83965432          22.786773        2.868633656                  0        21.26419779         12.2067843        3.783278795                  0        14.49580424        20.14723753        2.696442179                  0        24.15173461        11.07607918        3.463217638                  0
               6.18                6.2        11.94693407        22.72183107        2.829833968                  0        21.41681418        12.17467895        3.726105397                  0        14.28095451        20.27067395        2.667886922                  0        23.94175906        11.10575907        3.427441238                  0
               6.19                6.2        12.04427949        22.65748792        2.793266392                  0        21.55476095        12.14289002        3.673040691                  0        14.08214953        20.39409555        2.642556249                  0        23.75441938        11.13534718        3.395518794                  0
                6.2                6.2        12.13301811        22.59374353        2.758635615                  0        21.68014436        12.11141813        3.623493826                  0        13.89700681        20.51748299        2.619916596                  0         23.5860374        11.16483949        3.366834894                  0
               6.21                6.2        12.21424794        22.53059573        2.725691108                  0        21.79470839        12.08026278        3.576974983                  0        13.72361237        20.64082101        2.599542633                  0        23.43366223        11.19423302        3.340901641                  0
               6.22                6.2        12.28888607        22.46804069        2.694219183                  0         21.8999104        12.04942261        3.533074469                  0         13.5604089        20.76409749        2.581091002                  0        23.29489734        11.22352554        3.317327432                  0
                6.1               6.21        10.68880694        23.12592262        3.216725472                  0        19.58980221        12.36486939        4.353253899                  0        16.67559972        19.44000994        3.069457164                  0        26.69189862        10.94413919        3.927169313                  0
               6.11               6.21        10.93753097        23.06059953        3.148983665                  0        19.95851321        12.33241553        4.235148288                  0        16.20033638        19.56024791        2.981369473                  0        26.09160391        10.97274507        3.820596748                  0
               6.12               6.21         11.1514847        22.99566985        3.087873336                  0        20.27376231        12.30017189        4.132272982                  0        15.79593391        19.68087941        2.909928013                  0        25.59912924        11.00135755         3.73381779                  0
               6.13               6.21        11.33754338        22.93119698        3.032355426                  0        20.54614036        12.26817085        4.041526577                  0          15.445217        19.80177685        2.850837147                  0        25.18781978         11.0299462        3.661685798                  0
               6.14               6.21        11.50089161         22.8672231        2.981562978                  0        20.78370599        12.23643419        3.960592591                  0        15.13619127        19.92284846        2.801154655                  0        24.83905334        11.05848941        3.600694876                  0
               6.15               6.21        11.64550567        22.80377596        2.934777957                  0        20.99268189        12.20497645        3.887702201                  0        14.86023302        20.04402694        2.758798195                  0        24.53943825        11.08697158        3.548376928                  0
               6.16               6.21         11.7744822        22.74087338        2.891406181                  0        21.17793937        12.17380721        3.821479542                  0        14.61098537        20.16526207        2.722252687                  0        24.27910305        11.11538127        3.502945529                  0
               6.17               6.21        11.89026657        22.67852618        2.850954727                  0        21.34334059        12.14293249         3.76083731                  0        14.38365983        20.28651586         2.69038942                  0        24.05061357        11.14371006        3.463076613                  0
               6.18               6.21        11.99481458        22.61674016        2.813012952                  0        21.49198384         12.1123558        3.704904285                  0        14.17458004        20.40775918         2.66235016                  0        23.84826501        11.17195169        3.427768505                  0
               6.19               6.21        12.08970894        22.55551751        2.777236998                  0         21.6263819         12.0820788         3.65297381                  0        13.98087539        20.52896949        2.637470579                  0        23.66760634        11.20010148        3.396249785                  0
                6.2               6.21        12.17624451        22.49485777        2.743337344                  0         21.7485937        12.05210181        3.604466413                  0        13.80027008        20.65012914         2.61522828                  0        23.50511271        11.22815596        3.367916988                  0
               6.21               6.21        12.25549177        22.43475854        2.711068834                  0        21.86032284        12.02242415        3.558902205                  0        13.63093475        20.77122425        2.595206676                  0        23.35795498        11.25611256        3.342291465                  0
               6.22               6.21         12.3283446          22.375216        2.680222698                  0        21.96299226        11.99304441        3.515880176                  0        13.47137994        20.89224376        2.577069353                  0         23.2238344        11.28396941        3.318988875                  0
                6.1               6.22        10.77082708        23.00980342        3.190475678                  0        19.71519214        12.29855185        4.317457182                  0        16.48836388        19.58213677         3.05593791                  0        26.48601657        11.01362863        3.919671357                  0
               6.11               6.22        11.01319137        22.94741369        3.124234782                  0        20.07468452         12.2675001        4.201897091                  0        16.03087831        19.70059515         2.96969702                  0         25.9106433        11.04095102        3.815001842                  0
               6.12               6.22        11.22155809        22.88540911        3.064535794                  0        20.38176392        12.23665566        4.101305303                  0         15.6409305        19.81939586        2.899710641                  0        25.43830996        11.06826912        3.729689689                  0
               6.13               6.22        11.40269647        22.82384559        3.010330152                  0        20.64691039        12.20604717        4.012612153                  0        15.30218459        19.93842168        2.841794153                  0        25.04357157        11.09555593        3.658717014                  0
               6.14               6.22        11.56169792        22.76276005        2.960750428                  0        20.87807156        12.17569375        3.933529022                  0        15.00322774        20.05758844        2.793078325                  0        24.70864457        11.12279228        3.598661661                  0
               6.15               6.22        11.70245902        22.70217664        2.915082651                  0        21.08136791        12.14560811        3.862311428                  0        14.73585084        20.17683449        2.751530644                  0        24.42073535        11.14996438        3.547112046                  0
               6.16               6.22        11.82800913        22.64211067        2.872738798                  0        21.26158036         12.1157985        3.797604673                  0        14.49399987        20.29611389        2.715671155                  0        24.17040955        11.17706217        3.502321105                  0
               6.17               6.22        11.94073715        22.58257122        2.833232886                  0        21.42249263        12.08627004        3.738339805                  0        14.27311233        20.41539192        2.684396591                  0        23.95055934        11.20407824        3.462992941                  0
               6.18               6.22         12.0425515        22.52356298        2.796161286                  0        21.56713568        12.05702561        3.683661496                  0         14.0696837        20.53464198        2.656867596                  0         23.7557281        11.23100711        3.428146515                  0
               6.19               6.22        12.13499517         22.4650874        2.761186873                  0        21.69796481        12.02806647        3.632876852                  0        13.88097609        20.65384351        2.632434135                  0        23.58165667        11.25784472        3.397025847                  0
                6.2               6.22        12.21932968        22.40714363        2.728026394                  0           21.81699        11.99939266        3.585418332                  0        13.70481772        20.77298042         2.61058483                  0        23.42497064        11.28458808        3.369039236                  0
               6.21               6.22         12.2965975         22.3497291        2.696440437                  0        21.92587323        11.97100337         3.54081641                  0        13.53946175        20.89204006         2.59091173                  0        23.28296042        11.31123497        3.343717139                  0
               6.22               6.22        12.36766895        22.29283999        2.666225439                  0        22.02600212        11.94289712        3.498679098                  0        13.38348488        21.01101237         2.57308528                  0        23.15342324         11.3377838         3.32068237                  0
                6.1               6.23        10.85292407        22.90630533        3.163948956                  0        19.84128443        12.23948785        4.281335146                  0        16.30444584         19.7142134        3.042572792                  0        26.28294464        11.07596529        3.912342811                  0
               6.11               6.23        11.08884653          22.846499        3.099272687                  0        20.19134082        12.20965784        4.168392992                  0        15.86431653        19.83105442        2.958153404                  0        25.73205603         11.1021108        3.809545479                  0
               6.12               6.23         11.2915714         22.7870709        3.041034041                  0        20.49009452        12.18003284        4.070140957                  0        15.48848732        19.94819136        2.889603255                  0        25.27952022        11.12824292        3.725677181                  0
               6.13               6.23        11.46775314        22.72807029        2.988178689                  0        20.74789616        12.15063817        3.983544996                  0        15.16143965        20.06551668         2.83284659                  0         24.9010777        11.15433765        3.655846211                  0
               6.14               6.23        11.62238417        22.66952954         2.93984144                  0        20.97256983        12.12149064        3.906347261                  0        14.87232683        20.18295328        2.785085853                  0        24.57976653        11.18037804        3.596712545                  0
               6.15               6.23        11.75927753        22.61146959        2.895314362                  0        21.17012533        12.09260132        3.836829785                  0        14.61334335        20.30044476        2.744337521                  0        24.30337913         11.2063519        3.545920072                  0
               6.16               6.23        11.88139264        22.55390355        2.854017049                  0        21.34524726        12.06397734        3.773660667                  0        14.37873011        20.41794913        2.709156205                  0        24.06290952        11.23225036        3.501760391                  0
               6.17               6.23        11.99106007        22.49683902        2.815471545                  0        21.50163677        12.03562301        3.715790537                  0        14.16414475        20.53543467        2.678463708                  0        23.85156972        11.25806693         3.46296529                  0
               6.18               6.23        12.09013961        22.44027968        2.779282054                  0        21.64225451        12.00754066        3.662380892                  0         13.9662501        20.65287713         2.65143928                  0        23.66414649        11.28379681        3.428574032                  0
               6.19               6.23         12.1801336        22.38422636          2.7451188                  0        21.76949613        11.97973118        3.612753318                  0        13.78243763        20.77025776        2.627446989                  0        23.49656882        11.30943647        3.397845828                  0
                6.2               6.23        12.26226958        22.32867786        2.712705278                  0        21.88532107        11.95219441        3.566352759                  0        13.61063694        20.88756189        2.605986336                  0        23.34560993        11.33498331        3.370200557                  0
               6.21               6.23        12.33756153        22.27363145        2.681808188                  0        21.99134854        11.92492938        3.522720481                  0        13.44918162          21.004778        2.586657895                  0        23.20867749        11.36043545        3.345177644                  0
               6.22               6.23        12.40685589        22.21908333        2.652229462                  0        22.08892996        11.89793459        3.481473853                  0        13.29671289        21.12189694        2.569138888                  0        23.08366298        11.38579154        3.322406952                  0
                6.1               6.24        10.93508193        22.81341431        3.137150551                  0         19.9680358        12.18654634        4.244893551                  0        16.12379918        19.83766048        3.029359924                  0        26.08266988         11.1319687        3.905180205                  0
               6.11               6.24        11.16448319        22.75588356        3.074102532                  0        20.30844557        12.15778007          4.1346419                  0        15.70061078        19.95303777        2.946737346                  0        25.55583054        11.15703517        3.804224823                  0
               6.12               6.24        11.36151363        22.69872534        3.017372936                  0        20.59872316        12.12921706        4.038785664                  0        15.33856927        20.06866882        2.879604974                  0        25.12274994        11.18208062        3.721777883                  0
               6.13               6.24        11.53270421        22.64198304        2.965905518                  0        20.84907125         12.1008797        3.954330479                  0        15.02295135         20.1844551        2.823993851                  0        24.76032943        11.20708376        3.653071338                  0
               6.14               6.24        11.68294269        22.58568498        2.918840096                  0        21.06717812        12.07278275         3.87905227                  0        14.74346126        20.30032611        2.777176819                  0         24.4524117        11.23202958         3.59484573                  0
               6.15               6.24        11.81595472         22.5298493        2.875476785                  0        21.25893453        12.04493587        3.811261809                  0        14.49268627        20.41623029        2.737218534                  0        24.18736311        11.25690732        3.544799404                  0
               6.16               6.24        11.93462723        22.47448717        2.835244266                  0        21.42892299        12.01734516        3.749651649                  0        14.26515436        20.53212931         2.70270764                  0        23.95659736        11.28170918        3.501261939                  0
               6.17               6.24        12.04123064        22.41960488        2.797673703                  0        21.58075803        11.99001424        3.693193244                  0         14.0567375        20.64799426        2.672590638                  0         23.7536399        11.30642945        3.462992343                  0
               6.18               6.24        12.13757485        22.36520523         2.76237795                  0        21.71732708        11.96294497        3.641065858                  0        13.86426151          20.763803         2.64606513                  0        23.57351603        11.33106394        3.429049843                  0
               6.19               6.24        12.22512071         22.3112885        2.729035204                  0        21.84096406        11.93613791        3.592606271                  0        13.68524386        20.87953845        2.622509096                  0         23.4123392        11.35560958        3.398708604                  0
                6.2               6.24        12.30506113        22.25785317        2.697376179                  0        21.95357636        11.90959269        3.547272465                  0        13.51771294        20.99518727        2.601432779                  0        23.26702745        11.38006412        3.371399902                  0
               6.21               6.24        12.37838114         22.2048964        2.667174054                  0        22.05673924        11.88330825        3.504616926                  0        13.36008076        21.11073894        2.582445173                  0        23.13510349        11.40442595        3.346671999                  0
               6.22               6.24          12.445903        22.15241437        2.638236541                  0        22.15176712        11.85728302        3.464266714                  0        13.21105142        21.22618515        2.565230197                  0        23.01455129        11.42869393        3.324161701                  0
                6.1               6.25        11.01728668        22.72944089        3.110085258                  0         20.0954063         12.1387796        4.208137571                  0        15.94637312        19.95370968        3.016297176                  0        25.88517347         11.1823437        3.898179963                  0
               6.11               6.25        11.24008995        22.67391183        3.048729012                  0        20.42596531        12.11093715        4.100649132                  0        15.53971708           20.06777        2.935447348                  0        25.38195044        11.20642133        3.799036964                  0
               6.12               6.25        11.43137544        22.61875073        2.993556887                  0        20.70762167        12.08329673         4.00724457                  0        15.19113799        20.18204566        2.869714728                  0        24.96798494        11.23047155        3.717989362                  0
               6.13               6.25        11.59754203        22.56399578        2.943514692                  0         20.9504118        12.05587814        3.924973427                  0          14.886686         20.2964466        2.815235154                  0        24.62131455        11.25447549        3.650390317                  0
               6.14               6.25        11.74336717        22.50967172        2.897750074                  0        21.16187606        12.02869435        3.851648494                  0        14.61660121        20.41090838        2.769350646                  0        24.32656953        11.27841989        3.593059405                  0
               6.15               6.25        11.87248537        22.45579421        2.855573232                  0        21.34777799        12.00175372        3.785611555                  0        14.37385304        20.52538399        2.730173255                  0        24.07267821        11.30229524        3.543748436                  0
               6.16               6.25        11.98770851        22.40237271        2.816423424                  0        21.51259236        11.97506149        3.725581296                  0        14.15324882        20.63983848        2.696325138                  0        23.85146522        11.32609469         3.50082431                  0
               6.17               6.25        12.09124516        22.34941235        2.779842025                  0        21.65984312        11.94862065        3.670551249                  0        13.95086911        20.75424548        2.666777141                  0        23.65676307        11.34981322        3.463072794                  0
               6.18               6.25        12.18485411        22.29691513        2.745451364                  0         21.7923417        11.92243262        3.619719392                  0        13.76369847        20.86858485        2.640744964                  0        23.48383077        11.37344717        3.429572756                  0
               6.19               6.25        12.26995382        22.24488086        2.712938224                  0        21.91235825         11.8964977        3.572438417                  0        13.58937706        20.98284103        2.617620321                  0        23.32896265        11.39699387        3.399613075                  0
                6.2               6.25        12.34770201        22.19330776        2.682041016                  0         22.0217466        11.87081532        3.528179892                  0        13.42602953        21.09700186        2.596924061                  0        23.18921868        11.42045138        3.372636254                  0
               6.21               6.25        12.41905432        22.14219285        2.652539757                  0        22.12203703        11.84538434        3.486507952                  0        13.27214428        21.21105779        2.578273495                  0        23.06223445        11.44381831        3.348199256                  0
               6.22               6.25         12.4848085        22.09153233        2.624248223                  0        22.21450607        11.82020314        3.447059678                  0        13.12648674         21.3250012        2.561359162                  0        22.94608467         11.4670937        3.325945728                  0
