#Turn	Emit_x
-1	4.096740e-06
0	4.139385e-06
1	4.139623e-06
2	4.050409e-06
3	4.062096e-06
4	4.098486e-06
5	4.004979e-06
6	4.001209e-06
7	4.068717e-06
8	3.986961e-06
9	3.986211e-06
10	4.068567e-06
11	4.007199e-06
12	4.024946e-06
13	4.096852e-06
14	4.054303e-06
15	4.100187e-06
16	4.133675e-06
17	4.100627e-06
18	4.179106e-06
19	4.151853e-06
20	4.117704e-06
21	4.230309e-06
22	4.132599e-06
23	4.092643e-06
24	4.239220e-06
25	4.076618e-06
26	4.036246e-06
27	4.213689e-06
28	4.004322e-06
29	3.978173e-06
30	4.177298e-06
31	3.945048e-06
32	3.951882e-06
33	4.154797e-06
34	3.921481e-06
35	3.977724e-06
36	4.158112e-06
37	3.937953e-06
38	4.053145e-06
39	4.180336e-06
40	3.978723e-06
41	4.154484e-06
42	4.200253e-06
43	4.016812e-06
44	4.248679e-06
45	4.194330e-06
46	4.028479e-06
47	4.308537e-06
48	4.149606e-06
49	4.005690e-06
50	4.323970e-06
51	4.070819e-06
52	3.960263e-06
53	4.304135e-06
54	3.978393e-06
55	3.917971e-06
56	4.270400e-06
57	3.898860e-06
58	3.906206e-06
59	4.244613e-06
60	3.852978e-06
61	3.941672e-06
62	4.238817e-06
63	3.847379e-06
64	4.023728e-06
65	4.250853e-06
66	3.873082e-06
67	4.135517e-06
68	4.266841e-06
69	3.910682e-06
70	4.251277e-06
71	4.268419e-06
72	3.939235e-06
73	4.346097e-06
74	4.241042e-06
75	3.944733e-06
76	4.404048e-06
77	4.179836e-06
78	3.924822e-06
79	4.421906e-06
80	4.091027e-06
81	3.888420e-06
82	4.407855e-06
83	3.989067e-06
84	3.851224e-06
85	4.376678e-06
86	3.891296e-06
87	3.829611e-06
88	4.343946e-06
89	3.812608e-06
90	3.835489e-06
91	4.321472e-06
92	3.761982e-06
93	3.873662e-06
94	4.315155e-06
95	3.741496e-06
96	3.941852e-06
97	4.325137e-06
98	3.747426e-06
99	4.032584e-06
100	4.347468e-06
101	3.772467e-06
102	4.135825e-06
103	4.376312e-06
104	3.808135e-06
105	4.241452e-06
106	4.405918e-06
107	3.846682e-06
108	4.341031e-06
109	4.431959e-06
110	3.882252e-06
111	4.428715e-06
112	4.452147e-06
113	3.911269e-06
114	4.501395e-06
115	4.466253e-06
116	3.932287e-06
117	4.558315e-06
118	4.475762e-06
119	3.945547e-06
120	4.600446e-06
121	4.483391e-06
122	3.952498e-06
123	4.629839e-06
124	4.492652e-06
125	3.955433e-06
126	4.649088e-06
127	4.507542e-06
128	3.957291e-06
129	4.660969e-06
130	4.532355e-06
131	3.961616e-06
132	4.668195e-06
133	4.571524e-06
134	3.972530e-06
135	4.673203e-06
136	4.629325e-06
137	3.994566e-06
138	4.677769e-06
139	4.709207e-06
140	4.032104e-06
141	4.682264e-06
142	4.812466e-06
143	4.088228e-06
144	4.684380e-06
145	4.936079e-06
146	4.163005e-06
147	4.677565e-06
148	5.069934e-06
149	4.251714e-06
150	4.650086e-06
151	5.194574e-06
152	4.344366e-06
153	4.586822e-06
154	5.281936e-06
155	4.428549e-06
156	4.476434e-06
157	5.302352e-06
158	4.497337e-06
159	4.324608e-06
160	5.239304e-06
161	4.561145e-06
162	4.167093e-06
163	5.105776e-06
164	4.655339e-06
165	4.066926e-06
166	4.942621e-06
167	4.824332e-06
168	4.081337e-06
169	4.779922e-06
170	5.063355e-06
171	4.210953e-06
172	4.594579e-06
173	5.263062e-06
174	4.389341e-06
175	4.353293e-06
176	5.279607e-06
177	4.558400e-06
178	4.121925e-06
179	5.099249e-06
180	4.763208e-06
181	4.053217e-06
182	4.837417e-06
183	5.072613e-06
184	4.209061e-06
185	4.527954e-06
186	5.300793e-06
187	4.461471e-06
188	4.188831e-06
189	5.198859e-06
190	4.718991e-06
191	4.038447e-06
192	4.876456e-06
193	5.084774e-06
194	4.218065e-06
195	4.462032e-06
196	5.316741e-06
197	4.534953e-06
198	4.087426e-06
199	5.098506e-06
200	4.885041e-06
201	4.089441e-06
202	4.650488e-06
203	5.284218e-06
204	4.429962e-06
205	4.155822e-06
206	5.195439e-06
207	4.809607e-06
208	4.052314e-06
209	4.716063e-06
210	5.266935e-06
211	4.410054e-06
212	4.152208e-06
213	5.200034e-06
214	4.834800e-06
215	4.063450e-06
216	4.656342e-06
217	5.304296e-06
218	4.477030e-06
219	4.078920e-06
220	5.120623e-06
221	4.955266e-06
222	4.138463e-06
223	4.471771e-06
224	5.336633e-06
225	4.616244e-06
226	4.010073e-06
227	4.934506e-06
228	5.161000e-06
229	4.309943e-06
230	4.207826e-06
231	5.254514e-06
232	4.821220e-06
233	4.058408e-06
234	4.616449e-06
235	5.331203e-06
236	4.550182e-06
237	4.018453e-06
238	5.005651e-06
239	5.118048e-06
240	4.277175e-06
241	4.228925e-06
242	5.269621e-06
243	4.816548e-06
244	4.056997e-06
245	4.605310e-06
246	5.336569e-06
247	4.568878e-06
248	4.009365e-06
249	4.973837e-06
250	5.153198e-06
251	4.311501e-06
252	4.185832e-06
253	5.242397e-06
254	4.857659e-06
255	4.081230e-06
256	4.546025e-06
257	5.342287e-06
258	4.602055e-06
259	4.004466e-06
260	4.932483e-06
261	5.180888e-06
262	4.335087e-06
263	4.169724e-06
264	5.228433e-06
265	4.862984e-06
266	4.082903e-06
267	4.558463e-06
268	5.337526e-06
269	4.577717e-06
270	4.015542e-06
271	4.980259e-06
272	5.121253e-06
273	4.271634e-06
274	4.263960e-06
275	5.283108e-06
276	4.756075e-06
277	4.029473e-06
278	4.743031e-06
279	5.273943e-06
280	4.427665e-06
281	4.118322e-06
282	5.169703e-06
283	4.883265e-06
284	4.090675e-06
285	4.595767e-06
286	5.317022e-06
287	4.502570e-06
288	4.077200e-06
289	5.105346e-06
290	4.927747e-06
291	4.115659e-06
292	4.572568e-06
293	5.313958e-06
294	4.493194e-06
295	4.101051e-06
296	5.129227e-06
297	4.866352e-06
298	4.080967e-06
299	4.676094e-06
300	5.266138e-06
301	4.397322e-06
302	4.217322e-06
303	5.232700e-06
304	4.707704e-06
305	4.035632e-06
306	4.884786e-06
307	5.078933e-06
308	4.213953e-06
309	4.492159e-06
310	5.307784e-06
311	4.490842e-06
312	4.155400e-06
313	5.160820e-06
314	4.734440e-06
315	4.047422e-06
316	4.867862e-06
317	5.044147e-06
318	4.191478e-06
319	4.580030e-06
320	5.277549e-06
321	4.409614e-06
322	4.302040e-06
323	5.252691e-06
324	4.579610e-06
325	4.102921e-06
326	5.055710e-06
327	4.754771e-06
328	4.062093e-06
329	4.849053e-06
330	4.985340e-06
331	4.166657e-06
332	4.681055e-06
333	5.195785e-06
334	4.321960e-06
335	4.522669e-06
336	5.289744e-06
337	4.445760e-06
338	4.358804e-06
339	5.251160e-06
340	4.520224e-06
341	4.208514e-06
342	5.130508e-06
343	4.573275e-06
344	4.101699e-06
345	4.992028e-06
346	4.638048e-06
347	4.056126e-06
348	4.879213e-06
349	4.728752e-06
350	4.069827e-06
351	4.807983e-06
352	4.839998e-06
353	4.126934e-06
354	4.775753e-06
355	4.957861e-06
356	4.207855e-06
357	4.772904e-06
358	5.069817e-06
359	4.296501e-06
360	4.790094e-06
361	5.168816e-06
362	4.382853e-06
363	4.821054e-06
364	5.253063e-06
365	4.462467e-06
366	4.862743e-06
367	5.324187e-06
368	4.534877e-06
369	4.914525e-06
370	5.385446e-06
371	4.602012e-06
372	4.977217e-06
373	5.440450e-06
374	4.666978e-06
375	5.052238e-06
376	5.492350e-06
377	4.733134e-06
378	5.140860e-06
379	5.543277e-06
380	4.803306e-06
381	5.243435e-06
382	5.593856e-06
383	4.879008e-06
384	5.358593e-06
385	5.642722e-06
386	4.959650e-06
387	5.482443e-06
388	5.686130e-06
389	5.041897e-06
390	5.608038e-06
391	5.717863e-06
392	5.119476e-06
393	5.725410e-06
394	5.729761e-06
395	5.183823e-06
396	5.822566e-06
397	5.713160e-06
398	5.225860e-06
399	5.887636e-06
400	5.661306e-06
401	5.238842e-06
402	5.911946e-06
403	5.572382e-06
404	5.221655e-06
405	5.893257e-06
406	5.452223e-06
407	5.181410e-06
408	5.837943e-06
409	5.315492e-06
410	5.133928e-06
411	5.760865e-06
412	5.184146e-06
413	5.101130e-06
414	5.682239e-06
415	5.082789e-06
416	5.105305e-06
417	5.621847e-06
418	5.031676e-06
419	5.161568e-06
420	5.592115e-06
421	5.039305e-06
422	5.270949e-06
423	5.592537e-06
424	5.097469e-06
425	5.417057e-06
426	5.608150e-06
427	5.181679e-06
428	5.568722e-06
429	5.613899e-06
430	5.258469e-06
431	5.689220e-06
432	5.584622e-06
433	5.298215e-06
434	5.749661e-06
435	5.507355e-06
436	5.288545e-06
437	5.741088e-06
438	5.390268e-06
439	5.241636e-06
440	5.679048e-06
441	5.262654e-06
442	5.190476e-06
443	5.597234e-06
444	5.164168e-06
445	5.174370e-06
446	5.532239e-06
447	5.127258e-06
448	5.219874e-06
449	5.506330e-06
450	5.160917e-06
451	5.326402e-06
452	5.516781e-06
453	5.244265e-06
454	5.464078e-06
455	5.537681e-06
456	5.334585e-06
457	5.585973e-06
458	5.534323e-06
459	5.387492e-06
460	5.649884e-06
461	5.483645e-06
462	5.379730e-06
463	5.639065e-06
464	5.389825e-06
465	5.322132e-06
466	5.570484e-06
467	5.285275e-06
468	5.254475e-06
469	5.485344e-06
470	5.214952e-06
471	5.224028e-06
472	5.426709e-06
473	5.211888e-06
474	5.259313e-06
475	5.416577e-06
476	5.277614e-06
477	5.353715e-06
478	5.445154e-06
479	5.378934e-06
480	5.468035e-06
481	5.478328e-06
482	5.464024e-06
483	5.550909e-06
484	5.479342e-06
485	5.489921e-06
486	5.566308e-06
487	5.432489e-06
488	5.446228e-06
489	5.512801e-06
490	5.354740e-06
491	5.360957e-06
492	5.423440e-06
493	5.287489e-06
494	5.284552e-06
495	5.346421e-06
496	5.272706e-06
497	5.261207e-06
498	5.318070e-06
499	5.327441e-06
500	5.304177e-06
501	5.343820e-06
502	5.431761e-06
503	5.388912e-06
504	5.397564e-06
505	5.537450e-06
506	5.467268e-06
507	5.439100e-06
508	5.593150e-06
509	5.494489e-06
510	5.439349e-06
511	5.572027e-06
512	5.453846e-06
513	5.398640e-06
514	5.486140e-06
515	5.365107e-06
516	5.347150e-06
517	5.379226e-06
518	5.272568e-06
519	5.327125e-06
520	5.302282e-06
521	5.220320e-06
522	5.367527e-06
523	5.286285e-06
524	5.229238e-06
525	5.465849e-06
526	5.327118e-06
527	5.287989e-06
528	5.587179e-06
529	5.389873e-06
530	5.361798e-06
531	5.680887e-06
532	5.428916e-06
533	5.413140e-06
534	5.705899e-06
535	5.412488e-06
536	5.422749e-06
537	5.651025e-06
538	5.338841e-06
539	5.399658e-06
540	5.539678e-06
541	5.236021e-06
542	5.375208e-06
543	5.417122e-06
544	5.146631e-06
545	5.385028e-06
546	5.327898e-06
547	5.106717e-06
548	5.449303e-06
549	5.295608e-06
550	5.129813e-06
551	5.561477e-06
552	5.314528e-06
553	5.203041e-06
554	5.690290e-06
555	5.355387e-06
556	5.295503e-06
557	5.793276e-06
558	5.380907e-06
559	5.373719e-06
560	5.834882e-06
561	5.363220e-06
562	5.416562e-06
563	5.800784e-06
564	5.295417e-06
565	5.423202e-06
566	5.702377e-06
567	5.192915e-06
568	5.411285e-06
569	5.570447e-06
570	5.085436e-06
571	5.407362e-06
572	5.442048e-06
573	5.004454e-06
574	5.434838e-06
575	5.347036e-06
576	4.971979e-06
577	5.504823e-06
578	5.299568e-06
579	4.994646e-06
580	5.612843e-06
581	5.296569e-06
582	5.063961e-06
583	5.741408e-06
584	5.321951e-06
585	5.161128e-06
586	5.866381e-06
587	5.353810e-06
588	5.263845e-06
589	5.964393e-06
590	5.371683e-06
591	5.352603e-06
592	6.018844e-06
593	5.361773e-06
594	5.414816e-06
595	6.022990e-06
596	5.319113e-06
597	5.446139e-06
598	5.979813e-06
599	5.246818e-06
600	5.449286e-06
601	5.899468e-06
602	5.153406e-06
603	5.431367e-06
604	5.795613e-06
605	5.049489e-06
606	5.400919e-06
607	5.681966e-06
608	4.944943e-06
609	5.365545e-06
610	5.569910e-06
611	4.847150e-06
612	5.330563e-06
613	5.467392e-06
614	4.760355e-06
615	5.298611e-06
616	5.378877e-06
617	4.685872e-06
618	5.269884e-06
619	5.305930e-06
620	4.622733e-06
621	5.242657e-06
622	5.248019e-06
623	4.568464e-06
624	5.213814e-06
625	5.203258e-06
626	4.519794e-06
627	5.179275e-06
628	5.168986e-06
629	4.473235e-06
630	5.134301e-06
631	5.142198e-06
632	4.425612e-06
633	5.073817e-06
634	5.119938e-06
635	4.374687e-06
636	4.992956e-06
637	5.099826e-06
638	4.320109e-06
639	4.888095e-06
640	5.080867e-06
641	4.264865e-06
642	4.758647e-06
643	5.064514e-06
644	4.217201e-06
645	4.609593e-06
646	5.055459e-06
647	4.192186e-06
648	4.453998e-06
649	5.060897e-06
650	4.210835e-06
651	4.313379e-06
652	5.086373e-06
653	4.293541e-06
654	4.212334e-06
655	5.127104e-06
656	4.446558e-06
657	4.165140e-06
658	5.157565e-06
659	4.648155e-06
660	4.160793e-06
661	5.128990e-06
662	4.850521e-06
663	4.166310e-06
664	4.988074e-06
665	5.007492e-06
666	4.163648e-06
667	4.721252e-06
668	5.107567e-06
669	4.196057e-06
670	4.402256e-06
671	5.171227e-06
672	4.350116e-06
673	4.174931e-06
674	5.197114e-06
675	4.636051e-06
676	4.109368e-06
677	5.100847e-06
678	4.931987e-06
679	4.125389e-06
680	4.780792e-06
681	5.130482e-06
682	4.206983e-06
683	4.339760e-06
684	5.220050e-06
685	4.477646e-06
686	4.096332e-06
687	5.167688e-06
688	4.864589e-06
689	4.096284e-06
690	4.819385e-06
691	5.147177e-06
692	4.222738e-06
693	4.278505e-06
694	5.243350e-06
695	4.592203e-06
696	4.058281e-06
697	5.075348e-06
698	5.022577e-06
699	4.133763e-06
700	4.499953e-06
701	5.245236e-06
702	4.452068e-06
703	4.061372e-06
704	5.158628e-06
705	4.952343e-06
706	4.104398e-06
707	4.579375e-06
708	5.248976e-06
709	4.436513e-06
710	4.050803e-06
711	5.157240e-06
712	4.979720e-06
713	4.115671e-06
714	4.491654e-06
715	5.270130e-06
716	4.530404e-06
717	4.021845e-06
718	5.067918e-06
719	5.091501e-06
720	4.185833e-06
721	4.267601e-06
722	5.274308e-06
723	4.729130e-06
724	4.032794e-06
725	4.819491e-06
726	5.228725e-06
727	4.362966e-06
728	4.049447e-06
729	5.183808e-06
730	4.994657e-06
731	4.129170e-06
732	4.381963e-06
733	5.288525e-06
734	4.672838e-06
735	4.016106e-06
736	4.861058e-06
737	5.228606e-06
738	4.365550e-06
739	4.036664e-06
740	5.173148e-06
741	5.026686e-06
742	4.151637e-06
743	4.304279e-06
744	5.286582e-06
745	4.747420e-06
746	4.031677e-06
747	4.739875e-06
748	5.264988e-06
749	4.456403e-06
750	4.004143e-06
751	5.092385e-06
752	5.113433e-06
753	4.218047e-06
754	4.171913e-06
755	5.261905e-06
756	4.858254e-06
757	4.068674e-06
758	4.573563e-06
759	5.286171e-06
760	4.556747e-06
761	4.001222e-06
762	4.996022e-06
763	5.170694e-06
764	4.274681e-06
765	4.108706e-06
766	5.234515e-06
767	4.911775e-06
768	4.089677e-06
769	4.516181e-06
770	5.283839e-06
771	4.569085e-06
772	4.009296e-06
773	5.003041e-06
774	5.150520e-06
775	4.244167e-06
776	4.162836e-06
777	5.252821e-06
778	4.826829e-06
779	4.059871e-06
780	4.696020e-06
781	5.247500e-06
782	4.410316e-06
783	4.047935e-06
784	5.164327e-06
785	4.980695e-06
786	4.116682e-06
787	4.489032e-06
788	5.265013e-06
789	4.513345e-06
790	4.037090e-06
791	5.101020e-06
792	5.030471e-06
793	4.139137e-06
794	4.443495e-06
795	5.256947e-06
796	4.509381e-06
797	4.052070e-06
798	5.120512e-06
799	4.986341e-06
800	4.118752e-06
801	4.561892e-06
802	5.228364e-06
803	4.389469e-06
804	4.105147e-06
805	5.199395e-06
806	4.829213e-06
807	4.084998e-06
808	4.844860e-06
809	5.134471e-06
810	4.208423e-06
811	4.318583e-06
812	5.230273e-06
813	4.516509e-06
814	4.093617e-06
815	5.149742e-06
816	4.883162e-06
817	4.110731e-06
818	4.828004e-06
819	5.109197e-06
820	4.187203e-06
821	4.399204e-06
822	5.194918e-06
823	4.389551e-06
824	4.156363e-06
825	5.196791e-06
826	4.688684e-06
827	4.124966e-06
828	5.079539e-06
829	4.937435e-06
830	4.145619e-06
831	4.818543e-06
832	5.070663e-06
833	4.170034e-06
834	4.506999e-06
835	5.124650e-06
836	4.250854e-06
837	4.278478e-06
838	5.154554e-06
839	4.412469e-06
840	4.185527e-06
841	5.173847e-06
842	4.614055e-06
843	4.185908e-06
844	5.160619e-06
845	4.795928e-06
846	4.212238e-06
847	5.095150e-06
848	4.921570e-06
849	4.223408e-06
850	4.979298e-06
851	4.984803e-06
852	4.210226e-06
853	4.832162e-06
854	4.998406e-06
855	4.181047e-06
856	4.677724e-06
857	4.981199e-06
858	4.148064e-06
859	4.535541e-06
860	4.949899e-06
861	4.120169e-06
862	4.417118e-06
863	4.915924e-06
864	4.101225e-06
865	4.326455e-06
866	4.885365e-06
867	4.091095e-06
868	4.262383e-06
869	4.860300e-06
870	4.087367e-06
871	4.220983e-06
872	4.840246e-06
873	4.086764e-06
874	4.197342e-06
875	4.823248e-06
876	4.085974e-06
877	4.186523e-06
878	4.806534e-06
879	4.082008e-06
880	4.183980e-06
881	4.786881e-06
882	4.072300e-06
883	4.185659e-06
884	4.760856e-06
885	4.054721e-06
886	4.188036e-06
887	4.725077e-06
888	4.027675e-06
889	4.188210e-06
890	4.676607e-06
891	3.990318e-06
892	4.184147e-06
893	4.613493e-06
894	3.942927e-06
895	4.175056e-06
896	4.535419e-06
897	3.887352e-06
898	4.161822e-06
899	4.444336e-06
900	3.827414e-06
901	4.147321e-06
902	4.344860e-06
903	3.769038e-06
904	4.136384e-06
905	4.244184e-06
906	3.719906e-06
907	4.135205e-06
908	4.151285e-06
909	3.688457e-06
910	4.150026e-06
911	4.075342e-06
912	3.682219e-06
913	4.185186e-06
914	4.023539e-06
915	3.705693e-06
916	4.240893e-06
917	3.998713e-06
918	3.758326e-06
919	4.311415e-06
920	3.997633e-06
921	3.833342e-06
922	4.384610e-06
923	4.010775e-06
924	3.918267e-06
925	4.443638e-06
926	4.024268e-06
927	3.997616e-06
928	4.471072e-06
929	4.023995e-06
930	4.057454e-06
931	4.454597e-06
932	4.000803e-06
933	4.090467e-06
934	4.392348e-06
935	3.954863e-06
936	4.099413e-06
937	4.295434e-06
938	3.896988e-06
939	4.096930e-06
940	4.185844e-06
941	3.845660e-06
942	4.100930e-06
943	4.089713e-06
944	3.820282e-06
945	4.126834e-06
946	4.028119e-06
947	3.833084e-06
948	4.179683e-06
949	4.009032e-06
950	3.883115e-06
951	4.249840e-06
952	4.024073e-06
953	3.955398e-06
954	4.315015e-06
955	4.052042e-06
956	4.026417e-06
957	4.348880e-06
958	4.068389e-06
959	4.074228e-06
960	4.333126e-06
961	4.056790e-06
962	4.088799e-06
963	4.267362e-06
964	4.017285e-06
965	4.077213e-06
966	4.171404e-06
967	3.966494e-06
968	4.060311e-06
969	4.077831e-06
970	3.929247e-06
971	4.061725e-06
972	4.017798e-06
973	3.925579e-06
974	4.094608e-06
975	4.006921e-06
976	3.959745e-06
977	4.153104e-06
978	4.038392e-06
979	4.017200e-06
980	4.213639e-06
981	4.086989e-06
982	4.071542e-06
983	4.246273e-06
984	4.122251e-06
985	4.098253e-06
986	4.230747e-06
987	4.124238e-06
988	4.088065e-06
989	4.168659e-06
990	4.093505e-06
991	4.052345e-06
992	4.084550e-06
993	4.049732e-06
994	4.016943e-06
995	4.014622e-06
996	4.019751e-06
997	4.007514e-06
998	3.988837e-06
999	4.021765e-06