#Turn	Emit_x
-1	4.511824e-06
0	4.558962e-06
1	4.557537e-06
2	4.458217e-06
3	4.471212e-06
4	4.508570e-06
5	4.406107e-06
6	4.402210e-06
7	4.473486e-06
8	4.386403e-06
9	4.385920e-06
10	4.473541e-06
11	4.411448e-06
12	4.430882e-06
13	4.506988e-06
14	4.467423e-06
15	4.516473e-06
16	4.550198e-06
17	4.521651e-06
18	4.604357e-06
19	4.571380e-06
20	4.540964e-06
21	4.658633e-06
22	4.549104e-06
23	4.510963e-06
24	4.663709e-06
25	4.485102e-06
26	4.445157e-06
27	4.630295e-06
28	4.403977e-06
29	4.378667e-06
30	4.586834e-06
31	4.339974e-06
32	4.350074e-06
33	4.562003e-06
34	4.318527e-06
35	4.381663e-06
36	4.568477e-06
37	4.342921e-06
38	4.468596e-06
39	4.596605e-06
40	4.393113e-06
41	4.581992e-06
42	4.620605e-06
43	4.436937e-06
44	4.683395e-06
45	4.613224e-06
46	4.447484e-06
47	4.742795e-06
48	4.560789e-06
49	4.417372e-06
50	4.751161e-06
51	4.470839e-06
52	4.362604e-06
53	4.721776e-06
54	4.368677e-06
55	4.314479e-06
56	4.680866e-06
57	4.285248e-06
58	4.304419e-06
59	4.653354e-06
60	4.243057e-06
61	4.349718e-06
62	4.651180e-06
63	4.247013e-06
64	4.446705e-06
65	4.669167e-06
66	4.283830e-06
67	4.573316e-06
68	4.689105e-06
69	4.329236e-06
70	4.698665e-06
71	4.689057e-06
72	4.359034e-06
73	4.794857e-06
74	4.653269e-06
75	4.358948e-06
76	4.846128e-06
77	4.578523e-06
78	4.329342e-06
79	4.852219e-06
80	4.474827e-06
81	4.283604e-06
82	4.825683e-06
83	4.361001e-06
84	4.241849e-06
85	4.785340e-06
86	4.257758e-06
87	4.223270e-06
88	4.749173e-06
89	4.181382e-06
90	4.240273e-06
91	4.729295e-06
92	4.140099e-06
93	4.296004e-06
94	4.730073e-06
95	4.133612e-06
96	4.385133e-06
97	4.749025e-06
98	4.155041e-06
99	4.496678e-06
100	4.779330e-06
101	4.193989e-06
102	4.617459e-06
103	4.812718e-06
104	4.239559e-06
105	4.735113e-06
106	4.841844e-06
107	4.282587e-06
108	4.840068e-06
109	4.861742e-06
110	4.316794e-06
111	4.926389e-06
112	4.870314e-06
113	4.338964e-06
114	4.991655e-06
115	4.868079e-06
116	4.348464e-06
117	5.036248e-06
118	4.857523e-06
119	4.346482e-06
120	5.062404e-06
121	4.842359e-06
122	4.335301e-06
123	5.073333e-06
124	4.826934e-06
125	4.317805e-06
126	5.072568e-06
127	4.815885e-06
128	4.297291e-06
129	5.063604e-06
130	4.814027e-06
131	4.277539e-06
132	5.049767e-06
133	4.826399e-06
134	4.263020e-06
135	5.034221e-06
136	4.858271e-06
137	4.259034e-06
138	5.019880e-06
139	4.914854e-06
140	4.271509e-06
141	5.008977e-06
142	5.000357e-06
143	4.306093e-06
144	5.001950e-06
145	5.115997e-06
146	4.366332e-06
147	4.995508e-06
148	5.256787e-06
149	4.451089e-06
150	4.980376e-06
151	5.407725e-06
152	4.552282e-06
153	4.940502e-06
154	5.541523e-06
155	4.655168e-06
156	4.857003e-06
157	5.621794e-06
158	4.743969e-06
159	4.720030e-06
160	5.615700e-06
161	4.814190e-06
162	4.546723e-06
163	5.515070e-06
164	4.887499e-06
165	4.392185e-06
166	5.351591e-06
167	5.013956e-06
168	4.332050e-06
169	5.176666e-06
170	5.233160e-06
171	4.408995e-06
172	5.001107e-06
173	5.490744e-06
174	4.583657e-06
175	4.778333e-06
176	5.624589e-06
177	4.768715e-06
178	4.510766e-06
179	5.526653e-06
180	4.947018e-06
181	4.333682e-06
182	5.278004e-06
183	5.217677e-06
184	4.390666e-06
185	4.985406e-06
186	5.544626e-06
187	4.632093e-06
188	4.630066e-06
189	5.611533e-06
190	4.889267e-06
191	4.345370e-06
192	5.350434e-06
193	5.205211e-06
194	4.380070e-06
195	4.963834e-06
196	5.582743e-06
197	4.682551e-06
198	4.514660e-06
199	5.564418e-06
200	5.005738e-06
201	4.306033e-06
202	5.179160e-06
203	5.441497e-06
204	4.544713e-06
205	4.653843e-06
206	5.633379e-06
207	4.924869e-06
208	4.304138e-06
209	5.272783e-06
210	5.380963e-06
211	4.501124e-06
212	4.684171e-06
213	5.644461e-06
214	4.926734e-06
215	4.295763e-06
216	5.254576e-06
217	5.426517e-06
218	4.543973e-06
219	4.597081e-06
220	5.623192e-06
221	5.005449e-06
222	4.292724e-06
223	5.124786e-06
224	5.550392e-06
225	4.670054e-06
226	4.431958e-06
227	5.526721e-06
228	5.165702e-06
229	4.361501e-06
230	4.872773e-06
231	5.657306e-06
232	4.857396e-06
233	4.296237e-06
234	5.313895e-06
235	5.419196e-06
236	4.551660e-06
237	4.541795e-06
238	5.604415e-06
239	5.081703e-06
240	4.317013e-06
241	4.970926e-06
242	5.641452e-06
243	4.813576e-06
244	4.307685e-06
245	5.358810e-06
246	5.387754e-06
247	4.528706e-06
248	4.561904e-06
249	5.614748e-06
250	5.072667e-06
251	4.312978e-06
252	4.978760e-06
253	5.640266e-06
254	4.811283e-06
255	4.308675e-06
256	5.361216e-06
257	5.383216e-06
258	4.523778e-06
259	4.573553e-06
260	5.618862e-06
261	5.057613e-06
262	4.306523e-06
263	5.013020e-06
264	5.623820e-06
265	4.776309e-06
266	4.335192e-06
267	5.410789e-06
268	5.312524e-06
269	4.462869e-06
270	4.683035e-06
271	5.650082e-06
272	4.965269e-06
273	4.285863e-06
274	5.174400e-06
275	5.517733e-06
276	4.633498e-06
277	4.478009e-06
278	5.559525e-06
279	5.100885e-06
280	4.326337e-06
281	4.998122e-06
282	5.608360e-06
283	4.736473e-06
284	4.397131e-06
285	5.480232e-06
286	5.171429e-06
287	4.362089e-06
288	4.932250e-06
289	5.623039e-06
290	4.755848e-06
291	4.399649e-06
292	5.473611e-06
293	5.146547e-06
294	4.349268e-06
295	4.991633e-06
296	5.585039e-06
297	4.689182e-06
298	4.490351e-06
299	5.548022e-06
300	5.023433e-06
301	4.311271e-06
302	5.163062e-06
303	5.431975e-06
304	4.532454e-06
305	4.724602e-06
306	5.633841e-06
307	4.833190e-06
308	4.382153e-06
309	5.415897e-06
310	5.114170e-06
311	4.342808e-06
312	5.081751e-06
313	5.467945e-06
314	4.560079e-06
315	4.745954e-06
316	5.626462e-06
317	4.794082e-06
318	4.452634e-06
319	5.476240e-06
320	4.987349e-06
321	4.328211e-06
322	5.222717e-06
323	5.243928e-06
324	4.414254e-06
325	4.998855e-06
326	5.508067e-06
327	4.600100e-06
328	4.785387e-06
329	5.618290e-06
330	4.756128e-06
331	4.572374e-06
332	5.541549e-06
333	4.858512e-06
334	4.405847e-06
335	5.370749e-06
336	4.962500e-06
337	4.335562e-06
338	5.207765e-06
339	5.110961e-06
340	4.369541e-06
341	5.095514e-06
342	5.290857e-06
343	4.472187e-06
344	5.025235e-06
345	5.458187e-06
346	4.593870e-06
347	4.971672e-06
348	5.577315e-06
349	4.697408e-06
350	4.916102e-06
351	5.635842e-06
352	4.765783e-06
353	4.851382e-06
354	5.639497e-06
355	4.797265e-06
356	4.778380e-06
357	5.602206e-06
358	4.797678e-06
359	4.701235e-06
360	5.538782e-06
361	4.774703e-06
362	4.624246e-06
363	5.461337e-06
364	4.735016e-06
365	4.550531e-06
366	5.378310e-06
367	4.683462e-06
368	4.481869e-06
369	5.294850e-06
370	4.623273e-06
371	4.419103e-06
372	5.213701e-06
373	4.556689e-06
374	4.362709e-06
375	5.136160e-06
376	4.485635e-06
377	4.313352e-06
378	5.062901e-06
379	4.412314e-06
380	4.272322e-06
381	4.994636e-06
382	4.339649e-06
383	4.241835e-06
384	4.932557e-06
385	4.271555e-06
386	4.225122e-06
387	4.878542e-06
388	4.212931e-06
389	4.226238e-06
390	4.835049e-06
391	4.169303e-06
392	4.249482e-06
393	4.804630e-06
394	4.146028e-06
395	4.298384e-06
396	4.789045e-06
397	4.147043e-06
398	4.374293e-06
399	4.788080e-06
400	4.173329e-06
401	4.474820e-06
402	4.798344e-06
403	4.221481e-06
404	4.592610e-06
405	4.812558e-06
406	4.283036e-06
407	4.715115e-06
408	4.819929e-06
409	4.345268e-06
410	4.826021e-06
411	4.808122e-06
412	4.393922e-06
413	4.908565e-06
414	4.766811e-06
415	4.417587e-06
416	4.950192e-06
417	4.692009e-06
418	4.412466e-06
419	4.947087e-06
420	4.589530e-06
421	4.385513e-06
422	4.906552e-06
423	4.475651e-06
424	4.353973e-06
425	4.845643e-06
426	4.373723e-06
427	4.340526e-06
428	4.785786e-06
429	4.307073e-06
430	4.365110e-06
431	4.744894e-06
432	4.290336e-06
433	4.436287e-06
434	4.729980e-06
435	4.322674e-06
436	4.545832e-06
437	4.733612e-06
438	4.386319e-06
439	4.669527e-06
440	4.736573e-06
441	4.452353e-06
442	4.775018e-06
443	4.716615e-06
444	4.492489e-06
445	4.834408e-06
446	4.660144e-06
447	4.492143e-06
448	4.836269e-06
449	4.571240e-06
450	4.458228e-06
451	4.790942e-06
452	4.472617e-06
453	4.416820e-06
454	4.725718e-06
455	4.396691e-06
456	4.400771e-06
457	4.671630e-06
458	4.370309e-06
459	4.432950e-06
460	4.648259e-06
461	4.400667e-06
462	4.513595e-06
463	4.654378e-06
464	4.470037e-06
465	4.618559e-06
466	4.669584e-06
467	4.543043e-06
468	4.709978e-06
469	4.666584e-06
470	4.583857e-06
471	4.754592e-06
472	4.628014e-06
473	4.574752e-06
474	4.740385e-06
475	4.558475e-06
476	4.525768e-06
477	4.682364e-06
478	4.484275e-06
479	4.469417e-06
480	4.613988e-06
481	4.440069e-06
482	4.442848e-06
483	4.568900e-06
484	4.449483e-06
485	4.467233e-06
486	4.563215e-06
487	4.510669e-06
488	4.535871e-06
489	4.588138e-06
490	4.595304e-06
491	4.617459e-06
492	4.616844e-06
493	4.662311e-06
494	4.672774e-06
495	4.621657e-06
496	4.679301e-06
497	4.675704e-06
498	4.591731e-06
499	4.639896e-06
500	4.627029e-06
501	4.540803e-06
502	4.566942e-06
503	4.553261e-06
504	4.500081e-06
505	4.499598e-06
506	4.491543e-06
507	4.500173e-06
508	4.471727e-06
509	4.469536e-06
510	4.552546e-06
511	4.493852e-06
512	4.491640e-06
513	4.641194e-06
514	4.548386e-06
515	4.538687e-06
516	4.729337e-06
517	4.600056e-06
518	4.580577e-06
519	4.777693e-06
520	4.615385e-06
521	4.594400e-06
522	4.764487e-06
523	4.580568e-06
524	4.577852e-06
525	4.696268e-06
526	4.508245e-06
527	4.550453e-06
528	4.603820e-06
529	4.430091e-06
530	4.542108e-06
531	4.525794e-06
532	4.380058e-06
533	4.575754e-06
534	4.489369e-06
535	4.377721e-06
536	4.653750e-06
537	4.498062e-06
538	4.420156e-06
539	4.755071e-06
540	4.532095e-06
541	4.485525e-06
542	4.844363e-06
543	4.559945e-06
544	4.545521e-06
545	4.888025e-06
546	4.554584e-06
547	4.579881e-06
548	4.869242e-06
549	4.506371e-06
550	4.585793e-06
551	4.794773e-06
552	4.426772e-06
553	4.577976e-06
554	4.690803e-06
555	4.342096e-06
556	4.580152e-06
557	4.590684e-06
558	4.281289e-06
559	4.612833e-06
560	4.521036e-06
561	4.264030e-06
562	4.683466e-06
563	4.492421e-06
564	4.294130e-06
565	4.782962e-06
566	4.497710e-06
567	4.360000e-06
568	4.889265e-06
569	4.517385e-06
570	4.440766e-06
571	4.975686e-06
572	4.528548e-06
573	4.514773e-06
574	5.020262e-06
575	4.513719e-06
576	4.567010e-06
577	5.012544e-06
578	4.466311e-06
579	4.593001e-06
580	4.955711e-06
581	4.391447e-06
582	4.598395e-06
583	4.864000e-06
584	4.302733e-06
585	4.595274e-06
586	4.757205e-06
587	4.217000e-06
588	4.597185e-06
589	4.654730e-06
590	4.149254e-06
591	4.614910e-06
592	4.571212e-06
593	4.109382e-06
594	4.654149e-06
595	4.514596e-06
596	4.101072e-06
597	4.715234e-06
598	4.486440e-06
599	4.122527e-06
600	4.794323e-06
601	4.483603e-06
602	4.168191e-06
603	4.885268e-06
604	4.500395e-06
605	4.230707e-06
606	4.981460e-06
607	4.530532e-06
608	4.302584e-06
609	5.077225e-06
610	4.568537e-06
611	4.377344e-06
612	5.168637e-06
613	4.610524e-06
614	4.450118e-06
615	5.253753e-06
616	4.654460e-06
617	4.517813e-06
618	5.332459e-06
619	4.700082e-06
620	4.578979e-06
621	5.406058e-06
622	4.748619e-06
623	4.633557e-06
624	5.476766e-06
625	4.802452e-06
626	4.682579e-06
627	5.547165e-06
628	4.864750e-06
629	4.727868e-06
630	5.619636e-06
631	4.939046e-06
632	4.771699e-06
633	5.695689e-06
634	5.028669e-06
635	4.816340e-06
636	5.775105e-06
637	5.135884e-06
638	4.863322e-06
639	5.854812e-06
640	5.260669e-06
641	4.912390e-06
642	5.927542e-06
643	5.399222e-06
644	4.960222e-06
645	5.980625e-06
646	5.542723e-06
647	4.999547e-06
648	5.995746e-06
649	5.677430e-06
650	5.019933e-06
651	5.951094e-06
652	5.787659e-06
653	5.012261e-06
654	5.827778e-06
655	5.862566e-06
656	4.978424e-06
657	5.621726e-06
658	5.904671e-06
659	4.944171e-06
660	5.358934e-06
661	5.933072e-06
662	4.963809e-06
663	5.103527e-06
664	5.971447e-06
665	5.095709e-06
666	4.935942e-06
667	6.016347e-06
668	5.344718e-06
669	4.888096e-06
670	6.004774e-06
671	5.630142e-06
672	4.901185e-06
673	5.834700e-06
674	5.851002e-06
675	4.911312e-06
676	5.470376e-06
677	5.979571e-06
678	4.984588e-06
679	5.061797e-06
680	6.047730e-06
681	5.248665e-06
682	4.858799e-06
683	6.027454e-06
684	5.628760e-06
685	4.859751e-06
686	5.758983e-06
687	5.921301e-06
688	4.923297e-06
689	5.226203e-06
690	6.062679e-06
691	5.179926e-06
692	4.851869e-06
693	6.048087e-06
694	5.630056e-06
695	4.837923e-06
696	5.697919e-06
697	5.977160e-06
698	4.968489e-06
699	5.052138e-06
700	6.097906e-06
701	5.381738e-06
702	4.797240e-06
703	5.917721e-06
704	5.867531e-06
705	4.896241e-06
706	5.244109e-06
707	6.102325e-06
708	5.270429e-06
709	4.788029e-06
710	5.981947e-06
711	5.823392e-06
712	4.877446e-06
713	5.282010e-06
714	6.111507e-06
715	5.282296e-06
716	4.773117e-06
717	5.959145e-06
718	5.870237e-06
719	4.902899e-06
720	5.157040e-06
721	6.127050e-06
722	5.402286e-06
723	4.763900e-06
724	5.832486e-06
725	5.984215e-06
726	4.994237e-06
727	4.930886e-06
728	6.112951e-06
729	5.612294e-06
730	4.801728e-06
731	5.537026e-06
732	6.100452e-06
733	5.194039e-06
734	4.764327e-06
735	5.999061e-06
736	5.865904e-06
737	4.908858e-06
738	5.093042e-06
739	6.137181e-06
740	5.500874e-06
741	4.769435e-06
742	5.669795e-06
743	6.075699e-06
744	5.133379e-06
745	4.780485e-06
746	6.035958e-06
747	5.827044e-06
748	4.888798e-06
749	5.142537e-06
750	6.140784e-06
751	5.473960e-06
752	4.762622e-06
753	5.700077e-06
754	6.066894e-06
755	5.116215e-06
756	4.790559e-06
757	6.047337e-06
758	5.806005e-06
759	4.877047e-06
760	5.187514e-06
761	6.139124e-06
762	5.432607e-06
763	4.757796e-06
764	5.765108e-06
765	6.033566e-06
766	5.058797e-06
767	4.843543e-06
768	6.083494e-06
769	5.714970e-06
770	4.836103e-06
771	5.375940e-06
772	6.120473e-06
773	5.278654e-06
774	4.759800e-06
775	5.943198e-06
776	5.900880e-06
777	4.923893e-06
778	5.088320e-06
779	6.125589e-06
780	5.450052e-06
781	4.775282e-06
782	5.795390e-06
783	5.985732e-06
784	4.987860e-06
785	4.970146e-06
786	6.109980e-06
787	5.523575e-06
788	4.795145e-06
789	5.739485e-06
790	5.994331e-06
791	4.992166e-06
792	4.981749e-06
793	6.104026e-06
794	5.481325e-06
795	4.800160e-06
796	5.817681e-06
797	5.934333e-06
798	4.933908e-06
799	5.132129e-06
800	6.094747e-06
801	5.307816e-06
802	4.812377e-06
803	5.981005e-06
804	5.771176e-06
805	4.866308e-06
806	5.488200e-06
807	6.024737e-06
808	5.039967e-06
809	4.957465e-06
810	6.076626e-06
811	5.427215e-06
812	4.837011e-06
813	5.930047e-06
814	5.797254e-06
815	4.884035e-06
816	5.506856e-06
817	5.986004e-06
818	4.987283e-06
819	5.054010e-06
820	6.048882e-06
821	5.255467e-06
822	4.876637e-06
823	6.029652e-06
824	5.591395e-06
825	4.889914e-06
826	5.855274e-06
827	5.827121e-06
828	4.910715e-06
829	5.523447e-06
830	5.932258e-06
831	4.941084e-06
832	5.179564e-06
833	5.973477e-06
834	5.059562e-06
835	4.973423e-06
836	6.007389e-06
837	5.270885e-06
838	4.925832e-06
839	6.027389e-06
840	5.505278e-06
841	4.957485e-06
842	5.995934e-06
843	5.692414e-06
844	4.988968e-06
845	5.893489e-06
846	5.801848e-06
847	4.986726e-06
848	5.732143e-06
849	5.839214e-06
850	4.954409e-06
851	5.542579e-06
852	5.827730e-06
853	4.910426e-06
854	5.356815e-06
855	5.792774e-06
856	4.872034e-06
857	5.197707e-06
858	5.753735e-06
859	4.848969e-06
860	5.076286e-06
861	5.721918e-06
862	4.843456e-06
863	4.993975e-06
864	5.701858e-06
865	4.852825e-06
866	4.946433e-06
867	5.693671e-06
868	4.872237e-06
869	4.926899e-06
870	5.695082e-06
871	4.896517e-06
872	4.928287e-06
873	5.702673e-06
874	4.920993e-06
875	4.944111e-06
876	5.712452e-06
877	4.941676e-06
878	4.968672e-06
879	5.720021e-06
880	4.955112e-06
881	4.996889e-06
882	5.720605e-06
883	4.958190e-06
884	5.024112e-06
885	5.709178e-06
886	4.948092e-06
887	5.046084e-06
888	5.680804e-06
889	4.922494e-06
890	5.059186e-06
891	5.631290e-06
892	4.880067e-06
893	5.060988e-06
894	5.558134e-06
895	4.821216e-06
896	5.051013e-06
897	5.461610e-06
898	4.748902e-06
899	5.031521e-06
900	5.345716e-06
901	4.669258e-06
902	5.007971e-06
903	5.218606e-06
904	4.591660e-06
905	4.988788e-06
906	5.092098e-06
907	4.527899e-06
908	4.984111e-06
909	4.979994e-06
910	4.490294e-06
911	5.003419e-06
912	4.895261e-06
913	4.488859e-06
914	5.052331e-06
915	4.846517e-06
916	4.528072e-06
917	5.129313e-06
918	4.834761e-06
919	4.604205e-06
920	5.223550e-06
921	4.851597e-06
922	4.704468e-06
923	5.315365e-06
924	4.880208e-06
925	4.809068e-06
926	5.380183e-06
927	4.899687e-06
928	4.896458e-06
929	5.395761e-06
930	4.892068e-06
931	4.950649e-06
932	5.350630e-06
933	4.849760e-06
934	4.967907e-06
935	5.250304e-06
936	4.780086e-06
937	4.959483e-06
938	5.117842e-06
939	4.704172e-06
940	4.948128e-06
941	4.987296e-06
942	4.649623e-06
943	4.958766e-06
944	4.891791e-06
945	4.639361e-06
946	5.006719e-06
947	4.850801e-06
948	4.681179e-06
949	5.088656e-06
950	4.862153e-06
951	4.762910e-06
952	5.181112e-06
953	4.902812e-06
954	4.856280e-06
955	5.248704e-06
956	4.939045e-06
957	4.928834e-06
958	5.259719e-06
959	4.942231e-06
960	4.959159e-06
961	5.202213e-06
962	4.903065e-06
963	4.947887e-06
964	5.092195e-06
965	4.836609e-06
966	4.917935e-06
967	4.968494e-06
968	4.774804e-06
969	4.902663e-06
970	4.875747e-06
971	4.749746e-06
972	4.927451e-06
973	4.843658e-06
974	4.776294e-06
975	4.994387e-06
976	4.873153e-06
977	4.843342e-06
978	5.078744e-06
979	4.936697e-06
980	4.918823e-06
981	5.140309e-06
982	4.992985e-06
983	4.966463e-06
984	5.144599e-06
985	5.008777e-06
986	4.965716e-06
987	5.082814e-06
988	4.976288e-06
989	4.923684e-06
990	4.978933e-06
991	4.916366e-06
992	4.871530e-06
993	4.878979e-06
994	4.865480e-06
995	4.846668e-06
996	4.827768e-06
997	4.854051e-06
998	4.870723e-06
999	4.845956e-06