2.633918e+00 2.667762e-01
5.345972e+00 2.990719e-01
6.566523e-02 2.493631e-01
2.700078e+00 2.675208e-01
5.345849e+00 2.999481e-01
1.313304e-01 2.493325e-01
2.765962e+00 2.684107e-01
5.488642e+00 3.005154e-01
1.969964e-01 2.492695e-01
2.832563e+00 2.691676e-01
5.561378e+00 3.013221e-01
2.627017e-01 2.491513e-01
2.898835e+00 2.700256e-01
5.633469e+00 3.019417e-01
3.283722e-01 2.489376e-01
2.965185e+00 2.708484e-01
5.706477e+00 3.027112e-01
3.940538e-01 2.485885e-01
3.031353e+00 2.716110e-01
5.779482e+00 3.033616e-01
4.597493e-01 2.481735e-01
3.097871e+00 2.725269e-01
5.853155e+00 3.041054e-01
5.253938e-01 2.481258e-01
3.164476e+00 2.731741e-01
5.927154e+00 3.047782e-01
5.888345e-01 2.493778e-01
3.230652e+00 2.741922e-01
5.999464e+00 3.054551e-01
6.431576e-01 2.499329e-01
3.297605e+00 2.747395e-01
6.076735e+00 3.061986e-01
7.069876e-01 2.500522e-01
3.364243e+00 2.758441e-01
6.151998e+00 3.067794e-01
7.876569e-01 2.501024e-01
3.430255e+00 2.763628e-01
6.228413e+00 3.075685e-01
8.546208e-01 2.501557e-01
3.497742e+00 2.774970e-01
6.304750e+00 3.081411e-01
9.202864e-01 2.502773e-01
3.563817e+00 2.780804e-01
6.382810e+00 3.088008e-01
9.860638e-01 2.508740e-01
3.631513e+00 2.791456e-01
6.461110e+00 3.095167e-01
1.051809e+00 2.527530e-01
3.697821e+00 2.799020e-01
6.540324e+00 3.100215e-01
1.117587e+00 2.528768e-01
3.765602e+00 2.807527e-01
6.620179e+00 3.107548e-01
1.183241e+00 2.525995e-01
3.832681e+00 2.818388e-01
6.701120e+00 3.113539e-01
1.249112e+00 2.525723e-01
3.900030e+00 2.822912e-01
6.782768e+00 3.118834e-01
1.314894e+00 2.538834e-01
3.967402e+00 2.844486e-01
1.380706e+00 2.544170e-01
4.034772e+00 2.825248e-01
1.446588e+00 2.544699e-01
4.102447e+00 2.845646e-01
1.512394e+00 2.551085e-01
4.170224e+00 2.866172e-01
1.577109e+00 2.560298e-01
4.237690e+00 2.849574e-01
1.644111e+00 2.562975e-01
4.305785e+00 2.876482e-01
1.709868e+00 2.568941e-01
4.373964e+00 2.879254e-01
1.775458e+00 2.577554e-01
4.442219e+00 2.891120e-01
1.841677e+00 2.581772e-01
4.510139e+00 2.897379e-01
1.907502e+00 2.588310e-01
4.577364e+00 2.906737e-01
1.973574e+00 2.596407e-01
4.647654e+00 2.914499e-01
2.039446e+00 2.601135e-01
4.714074e+00 2.922745e-01
2.096738e+00 2.608675e-01
4.783957e+00 2.931026e-01
2.170875e+00 2.616229e-01
4.855029e+00 2.938893e-01
2.237424e+00 2.620920e-01
4.924304e+00 2.946834e-01
2.303337e+00 2.631009e-01
4.993552e+00 2.954826e-01
2.369221e+00 2.635550e-01
5.064015e+00 2.961894e-01
2.435481e+00 2.645086e-01
5.134236e+00 2.970344e-01
2.501549e+00 2.651466e-01
5.204735e+00 2.976402e-01
