2.604288e+00 2.273211e-01
5.185260e+00 2.690278e-01
6.535132e-02 2.036059e-01
2.669069e+00 2.283461e-01
5.249599e+00 2.699510e-01
1.306960e-01 2.036576e-01
2.733835e+00 2.293820e-01
5.313957e+00 2.708638e-01
1.960328e-01 2.037436e-01
2.798542e+00 2.304262e-01
5.378289e+00 2.717658e-01
2.613611e-01 2.038640e-01
2.863316e+00 2.314768e-01
5.442613e+00 2.726571e-01
3.266823e-01 2.040184e-01
2.928030e+00 2.325326e-01
5.506868e+00 2.735383e-01
3.919846e-01 2.042067e-01
2.992722e+00 2.335934e-01
5.571206e+00 2.744097e-01
4.572928e-01 2.044287e-01
3.057422e+00 2.346593e-01
5.635562e+00 2.752717e-01
5.225722e-01 2.046841e-01
3.122092e+00 2.357304e-01
5.699796e+00 2.761236e-01
5.878658e-01 2.049726e-01
3.186747e+00 2.368068e-01
5.764180e+00 2.769646e-01
6.531347e-01 2.052939e-01
3.251370e+00 2.378886e-01
5.767813e+00 2.777938e-01
7.183911e-01 2.056477e-01
3.316016e+00 2.389747e-01
5.892783e+00 2.786106e-01
7.836360e-01 2.060336e-01
3.380616e+00 2.400635e-01
5.956749e+00 2.794152e-01
8.488538e-01 2.064514e-01
3.445227e+00 2.411531e-01
6.021379e+00 2.802080e-01
9.140886e-01 2.069007e-01
3.509805e+00 2.422420e-01
6.084852e+00 2.809896e-01
9.792890e-01 2.073812e-01
3.574359e+00 2.433300e-01
6.149967e+00 2.817609e-01
1.044483e+00 2.078924e-01
3.638927e+00 2.444171e-01
6.214253e+00 2.825222e-01
1.109659e+00 2.084338e-01
3.703479e+00 2.455030e-01
6.278538e+00 2.832736e-01
1.174821e+00 2.090046e-01
3.768022e+00 2.465860e-01
6.342833e+00 2.840151e-01
1.239972e+00 2.096039e-01
3.832541e+00 2.476621e-01
6.407121e+00 2.847468e-01
1.305107e+00 2.102305e-01
3.897034e+00 2.495557e-01
1.370215e+00 2.108833e-01
3.961544e+00 2.497879e-01
1.435322e+00 2.115609e-01
4.025976e+00 2.503071e-01
1.500410e+00 2.122625e-01
4.090509e+00 2.520134e-01
1.565475e+00 2.129877e-01
4.154956e+00 2.530273e-01
1.630525e+00 2.137362e-01
4.219404e+00 2.540780e-01
1.695568e+00 2.145081e-01
4.283877e+00 2.551272e-01
1.760586e+00 2.153034e-01
4.348321e+00 2.561719e-01
1.825589e+00 2.161214e-01
4.412739e+00 2.572111e-01
1.890566e+00 2.169613e-01
4.477168e+00 2.582435e-01
1.955249e+00 2.178220e-01
4.539877e+00 2.592675e-01
2.020490e+00 2.187022e-01
4.605977e+00 2.602823e-01
2.085414e+00 2.196011e-01
4.670375e+00 2.612884e-01
2.150346e+00 2.205174e-01
4.734761e+00 2.622866e-01
2.215246e+00 2.214499e-01
4.799080e+00 2.632775e-01
2.280118e+00 2.223964e-01
4.863509e+00 2.642605e-01
2.344994e+00 2.233559e-01
4.927835e+00 2.652344e-01
2.409822e+00 2.243274e-01
4.992214e+00 2.661981e-01
2.474675e+00 2.253116e-01
5.056556e+00 2.671515e-01
