2.567699e+00 2.151406e-01
5.110033e+00 2.482405e-01
6.424514e-02 1.966284e-01
2.631927e+00 2.159448e-01
5.156570e+00 2.496063e-01
1.285007e-01 1.966685e-01
2.696052e+00 2.167570e-01
5.398653e+00 2.491865e-01
1.927516e-01 1.967351e-01
2.760181e+00 2.175768e-01
5.409071e+00 2.502248e-01
2.570016e-01 1.968284e-01
2.824316e+00 2.184034e-01
5.448075e+00 2.518786e-01
3.212494e-01 1.969481e-01
2.888432e+00 2.192363e-01
5.500304e+00 2.521237e-01
3.854994e-01 1.970942e-01
2.952578e+00 2.200748e-01
5.558324e+00 2.528506e-01
4.497483e-01 1.972664e-01
3.016705e+00 2.209180e-01
5.618980e+00 2.534957e-01
5.139947e-01 1.974646e-01
3.080855e+00 2.217673e-01
5.681131e+00 2.541550e-01
5.782375e-01 1.976887e-01
3.144959e+00 2.226179e-01
5.743803e+00 2.548322e-01
6.424722e-01 1.979382e-01
3.209112e+00 2.234735e-01
5.807722e+00 2.554903e-01
7.067150e-01 1.982130e-01
3.273253e+00 2.243308e-01
5.871724e+00 2.561424e-01
7.709567e-01 1.985127e-01
3.337378e+00 2.251906e-01
5.936015e+00 2.567937e-01
8.352017e-01 1.988370e-01
3.401542e+00 2.260520e-01
6.000530e+00 2.574323e-01
8.994349e-01 1.991857e-01
3.465693e+00 2.269145e-01
6.048494e+00 2.580641e-01
9.637254e-01 1.995583e-01
3.529419e+00 2.277775e-01
6.130064e+00 2.586899e-01
1.025099e+00 1.999558e-01
3.593994e+00 2.286405e-01
6.195031e+00 2.593048e-01
1.091892e+00 2.003726e-01
3.658116e+00 2.295030e-01
6.260136e+00 2.599133e-01
1.156183e+00 2.008146e-01
3.722325e+00 2.303646e-01
6.325371e+00 2.605133e-01
1.220389e+00 2.012784e-01
3.786491e+00 2.312246e-01
6.390660e+00 2.611041e-01
1.284620e+00 2.017639e-01
3.850629e+00 2.320828e-01
1.348823e+00 2.022705e-01
3.914820e+00 2.329387e-01
1.412859e+00 2.027978e-01
3.978990e+00 2.337919e-01
1.477212e+00 2.033451e-01
4.043144e+00 2.346419e-01
1.541398e+00 2.039120e-01
4.107282e+00 2.354884e-01
1.605577e+00 2.044978e-01
4.171437e+00 2.363308e-01
1.669751e+00 2.051020e-01
4.235558e+00 2.371687e-01
1.733921e+00 2.057240e-01
4.299692e+00 2.380018e-01
1.798052e+00 2.063631e-01
4.363778e+00 2.388299e-01
1.862200e+00 2.070188e-01
4.427826e+00 2.396530e-01
1.926297e+00 2.076904e-01
4.491824e+00 2.404704e-01
1.990558e+00 2.083773e-01
4.555750e+00 2.412811e-01
2.054689e+00 2.090788e-01
4.619579e+00 2.420842e-01
2.118851e+00 2.097944e-01
4.683270e+00 2.428801e-01
2.176359e+00 2.105233e-01
4.746668e+00 2.436703e-01
2.247014e+00 2.112649e-01
4.810003e+00 2.444546e-01
2.311272e+00 2.120186e-01
4.872814e+00 2.452268e-01
2.375403e+00 2.127837e-01
4.934971e+00 2.459788e-01
2.439540e+00 2.135595e-01
4.996040e+00 2.467242e-01
