2.602878e+00 2.540677e-01
5.186985e+00 2.856508e-01
6.526651e-02 2.361876e-01
2.667693e+00 2.548468e-01
5.251592e+00 2.863514e-01
1.305272e-01 2.362265e-01
2.732495e+00 2.556252e-01
5.316040e+00 2.870447e-01
1.957812e-01 2.362915e-01
2.794230e+00 2.564083e-01
5.380465e+00 2.877302e-01
2.610290e-01 2.363822e-01
2.862053e+00 2.572002e-01
5.444915e+00 2.884077e-01
3.262700e-01 2.364986e-01
2.926813e+00 2.579996e-01
5.509338e+00 2.890772e-01
3.915032e-01 2.366404e-01
2.991573e+00 2.588041e-01
5.573705e+00 2.897386e-01
4.567275e-01 2.368076e-01
3.056300e+00 2.596120e-01
5.638199e+00 2.903919e-01
5.219454e-01 2.370001e-01
3.120815e+00 2.604234e-01
5.702619e+00 2.910371e-01
5.871534e-01 2.372180e-01
3.185755e+00 2.612382e-01
5.752757e+00 2.916740e-01
6.523526e-01 2.374605e-01
3.250449e+00 2.620562e-01
5.828464e+00 2.923027e-01
7.175429e-01 2.377269e-01
3.315136e+00 2.628766e-01
5.895554e+00 2.929231e-01
7.827221e-01 2.380176e-01
3.379811e+00 2.636985e-01
5.960220e+00 2.935352e-01
8.478929e-01 2.383329e-01
3.444495e+00 2.645213e-01
6.022676e+00 2.941391e-01
9.130522e-01 2.386708e-01
3.509151e+00 2.653447e-01
6.088774e+00 2.947346e-01
9.781960e-01 2.390317e-01
3.573798e+00 2.661683e-01
6.153484e+00 2.953219e-01
1.043337e+00 2.394164e-01
3.638278e+00 2.669916e-01
6.217837e+00 2.959010e-01
1.108465e+00 2.398216e-01
3.703003e+00 2.678142e-01
6.282283e+00 2.964718e-01
1.173576e+00 2.402503e-01
3.767667e+00 2.686354e-01
6.346676e+00 2.970345e-01
1.238680e+00 2.406991e-01
3.832266e+00 2.694549e-01
6.411070e+00 2.975889e-01
1.303776e+00 2.411694e-01
3.893180e+00 2.702722e-01
1.368856e+00 2.416596e-01
3.961432e+00 2.710870e-01
1.433908e+00 2.421701e-01
4.026041e+00 2.718989e-01
1.498964e+00 2.426988e-01
4.065916e+00 2.727075e-01
1.563268e+00 2.432487e-01
4.155169e+00 2.735123e-01
1.629047e+00 2.438117e-01
4.219724e+00 2.743131e-01
1.694058e+00 2.444006e-01
4.284267e+00 2.751096e-01
1.759066e+00 2.449954e-01
4.348800e+00 2.759013e-01
1.823861e+00 2.456156e-01
4.413325e+00 2.766882e-01
1.889030e+00 2.462564e-01
4.477839e+00 2.774697e-01
1.953990e+00 2.468785e-01
4.542328e+00 2.782456e-01
2.018942e+00 2.475827e-01
4.606854e+00 2.790158e-01
2.083874e+00 2.484203e-01
4.671366e+00 2.797799e-01
2.148799e+00 2.495557e-01
4.735859e+00 2.805378e-01
2.213703e+00 2.488258e-01
4.800348e+00 2.812891e-01
2.278595e+00 2.500780e-01
4.864822e+00 2.820338e-01
2.343467e+00 2.507642e-01
4.929295e+00 2.827715e-01
2.408351e+00 2.519735e-01
4.993766e+00 2.835023e-01
2.473207e+00 2.525976e-01
5.058229e+00 2.842258e-01
