2.614737e+00 2.274306e-01
5.276217e+00 2.696204e-01
6.535553e-02 2.035985e-01
2.677583e+00 2.284599e-01
5.347484e+00 2.705586e-01
1.307128e-01 2.036503e-01
2.745476e+00 2.294990e-01
5.395496e+00 2.714871e-01
1.960708e-01 2.037365e-01
2.808099e+00 2.305472e-01
5.486171e+00 2.724056e-01
2.614288e-01 2.038570e-01
2.878726e+00 2.316038e-01
5.551094e+00 2.733130e-01
3.267880e-01 2.040117e-01
2.944446e+00 2.326679e-01
5.624822e+00 2.742105e-01
3.921384e-01 2.042005e-01
3.009733e+00 2.337389e-01
5.693197e+00 2.750973e-01
4.574995e-01 2.044232e-01
3.074345e+00 2.348158e-01
5.763930e+00 2.759733e-01
5.228516e-01 2.046794e-01
3.134411e+00 2.358978e-01
5.800978e+00 2.768383e-01
5.882095e-01 2.049689e-01
3.207591e+00 2.369842e-01
5.902695e+00 2.776924e-01
6.535602e-01 2.052915e-01
3.271143e+00 2.380740e-01
5.970243e+00 2.785355e-01
7.189075e-01 2.056467e-01
3.338306e+00 2.391665e-01
6.024805e+00 2.793676e-01
7.842516e-01 2.060341e-01
3.401898e+00 2.402611e-01
6.112043e+00 2.801886e-01
8.495918e-01 2.064534e-01
3.471269e+00 2.413567e-01
6.185221e+00 2.809986e-01
9.149292e-01 2.069041e-01
3.535932e+00 2.424525e-01
6.253968e+00 2.817974e-01
9.802588e-01 2.073856e-01
3.603562e+00 2.435470e-01
6.326503e+00 2.825846e-01
1.045587e+00 2.078974e-01
3.667417e+00 2.446381e-01
6.398169e+00 2.833591e-01
1.110915e+00 2.084390e-01
3.734260e+00 2.457224e-01
6.434560e+00 2.841180e-01
1.176232e+00 2.090096e-01
3.782901e+00 2.467917e-01
6.539613e+00 2.848505e-01
1.241550e+00 2.096088e-01
3.867079e+00 2.478170e-01
6.615324e+00 2.856094e-01
1.306851e+00 2.102356e-01
3.934542e+00 2.496000e-01
1.372164e+00 2.108895e-01
4.037969e+00 2.484659e-01
1.437467e+00 2.115697e-01
4.073770e+00 2.517476e-01
1.502762e+00 2.122753e-01
4.134499e+00 2.524061e-01
1.568054e+00 2.130057e-01
4.200574e+00 2.534463e-01
1.633316e+00 2.137601e-01
4.267866e+00 2.545000e-01
1.698614e+00 2.145377e-01
4.334749e+00 2.555539e-01
1.763906e+00 2.153378e-01
4.401538e+00 2.566048e-01
1.829163e+00 2.161598e-01
4.468478e+00 2.576514e-01
1.897611e+00 2.170027e-01
4.535669e+00 2.586925e-01
1.959724e+00 2.178661e-01
4.602124e+00 2.597274e-01
2.027237e+00 2.187490e-01
4.662001e+00 2.607553e-01
2.090245e+00 2.196507e-01
4.732425e+00 2.617756e-01
2.157369e+00 2.205703e-01
4.804397e+00 2.627877e-01
2.222386e+00 2.215079e-01
4.849384e+00 2.637913e-01
2.287137e+00 2.224601e-01
4.931882e+00 2.647860e-01
2.353934e+00 2.234278e-01
4.982153e+00 2.657715e-01
2.419546e+00 2.244095e-01
5.072935e+00 2.667478e-01
2.481805e+00 2.254046e-01
5.143792e+00 2.677148e-01
