2.611144e+00 1.146710e-01
5.178730e+00 1.993536e-01
6.582599e-02 6.537873e-02
2.675809e+00 1.167729e-01
5.242582e+00 2.012115e-01
1.316311e-01 6.548777e-02
2.740431e+00 1.188933e-01
5.306462e+00 2.030484e-01
1.974123e-01 6.566930e-02
2.805031e+00 1.210303e-01
5.370315e+00 2.048639e-01
2.631715e-01 6.592305e-02
2.869595e+00 1.231823e-01
5.434168e+00 2.066580e-01
3.289050e-01 6.624865e-02
2.934134e+00 1.253465e-01
5.497996e+00 2.084303e-01
3.933714e-01 6.664563e-02
2.998627e+00 1.275246e-01
5.561851e+00 2.101809e-01
4.602812e-01 6.711348e-02
3.063124e+00 1.297118e-01
5.625673e+00 2.119095e-01
5.259457e-01 6.765155e-02
3.127574e+00 1.319074e-01
5.689509e+00 2.136161e-01
5.915693e-01 6.825912e-02
3.191911e+00 1.341101e-01
5.753353e+00 2.153006e-01
6.571725e-01 6.893541e-02
3.256396e+00 1.363182e-01
5.817121e+00 2.169630e-01
7.227328e-01 6.967953e-02
3.320769e+00 1.385304e-01
5.880986e+00 2.186032e-01
7.882829e-01 7.049054e-02
3.385112e+00 1.407453e-01
5.944807e+00 2.202212e-01
8.536480e-01 7.136741e-02
3.449428e+00 1.429613e-01
6.008659e+00 2.218171e-01
9.192765e-01 7.230902e-02
3.513726e+00 1.451773e-01
6.072463e+00 2.233910e-01
9.847098e-01 7.331422e-02
3.577924e+00 1.473918e-01
6.136252e+00 2.249426e-01
1.049942e+00 7.438177e-02
3.641902e+00 1.496038e-01
6.200063e+00 2.264723e-01
1.115541e+00 7.551038e-02
3.706465e+00 1.518118e-01
6.263943e+00 2.279800e-01
1.180910e+00 7.669867e-02
3.770666e+00 1.540148e-01
6.327716e+00 2.294660e-01
1.246243e+00 7.794525e-02
3.834843e+00 1.562115e-01
6.391606e+00 2.309301e-01
1.311545e+00 7.924863e-02
3.898997e+00 1.584011e-01
1.376811e+00 8.060722e-02
3.963055e+00 1.605829e-01
1.442062e+00 8.201945e-02
4.027252e+00 1.627574e-01
1.507273e+00 8.348459e-02
4.091345e+00 1.649546e-01
1.572454e+00 8.499916e-02
4.155429e+00 1.670503e-01
1.637597e+00 8.656315e-02
4.219490e+00 1.692001e-01
1.702727e+00 8.817405e-02
4.283534e+00 1.713281e-01
1.767807e+00 8.983032e-02
4.347559e+00 1.734403e-01
1.832874e+00 9.153019e-02
4.411563e+00 1.755378e-01
1.897902e+00 9.327187e-02
4.475555e+00 1.776198e-01
1.962898e+00 9.505357e-02
4.538806e+00 1.796860e-01
2.027843e+00 9.687347e-02
4.603517e+00 1.817356e-01
2.092798e+00 9.872975e-02
4.667465e+00 1.837681e-01
2.157700e+00 1.006207e-01
4.731416e+00 1.857829e-01
2.222573e+00 1.025442e-01
4.795348e+00 1.877796e-01
2.287413e+00 1.044986e-01
4.859242e+00 1.897576e-01
2.352209e+00 1.064822e-01
4.923173e+00 1.917166e-01
2.416985e+00 1.084930e-01
4.987076e+00 1.936560e-01
2.481748e+00 1.105293e-01
5.050965e+00 1.955755e-01
