-7.8263E-03  0.0000E+00
-7.7077E-03  0.0000E+00
-7.5891E-03  0.0000E+00
-7.4705E-03  0.0000E+00
-7.3520E-03  0.0000E+00
-7.2334E-03  0.0000E+00
-7.1148E-03  0.0000E+00
-6.9962E-03  0.0000E+00
-6.8776E-03  0.0000E+00
-6.7591E-03  0.0000E+00
-6.6405E-03  0.0000E+00
-6.5219E-03  0.0000E+00
-6.4033E-03  0.0000E+00
-6.2847E-03  0.0000E+00
-6.1662E-03  1.9590E-04
-6.0476E-03  1.5151E-04
-5.9290E-03  1.3715E-04
-5.8104E-03  1.3315E-04
-5.6918E-03  1.5268E-04
-5.5733E-03  4.9015E-04
-5.4547E-03  9.8938E-04
-5.3361E-03  1.5418E-03
-5.2175E-03  2.1219E-03
-5.0989E-03  2.7004E-03
-4.9804E-03  3.4028E-03
-4.8618E-03  4.0793E-03
-4.7432E-03  4.7116E-03
-4.6246E-03  5.2622E-03
-4.5060E-03  5.6321E-03
-4.3875E-03  5.9407E-03
-4.2689E-03  6.2404E-03
-4.1503E-03  6.6478E-03
-4.0317E-03  7.1529E-03
-3.9131E-03  7.7210E-03
-3.7946E-03  8.1563E-03
-3.6760E-03  8.4449E-03
-3.5574E-03  8.7132E-03
-3.4388E-03  9.0147E-03
-3.3202E-03  9.3736E-03
-3.2017E-03  9.8015E-03
-3.0831E-03  1.0270E-02
-2.9645E-03  1.0751E-02
-2.8459E-03  1.1288E-02
-2.7273E-03  1.1861E-02
-2.6088E-03  1.2353E-02
-2.4902E-03  1.2885E-02
-2.3716E-03  1.3419E-02
-2.2530E-03  1.3923E-02
-2.1344E-03  1.4404E-02
-2.0159E-03  1.4799E-02
-1.8973E-03  1.5081E-02
-1.7787E-03  1.5328E-02
-1.6601E-03  1.5575E-02
-1.5415E-03  1.5863E-02
-1.4230E-03  1.6180E-02
-1.3044E-03  1.6406E-02
-1.1858E-03  1.6600E-02
-1.0672E-03  1.6778E-02
-9.4864E-04  1.6919E-02
-8.3006E-04  1.7032E-02
-7.1148E-04  1.7048E-02
-5.9290E-04  1.7124E-02
-4.7432E-04  1.7129E-02
-3.5574E-04  1.7171E-02
-2.3716E-04  1.7161E-02
-1.1858E-04  1.7101E-02
0.0000E+00  1.7096E-02
1.1858E-04  1.7119E-02
2.3716E-04  1.7128E-02
3.5574E-04  1.7078E-02
4.7432E-04  1.6986E-02
5.9290E-04  1.6877E-02
7.1148E-04  1.6724E-02
8.3006E-04  1.6577E-02
9.4864E-04  1.6389E-02
1.0672E-03  1.6196E-02
1.1858E-03  1.6016E-02
1.3044E-03  1.5866E-02
1.4230E-03  1.5616E-02
1.5415E-03  1.5375E-02
1.6601E-03  1.5044E-02
1.7787E-03  1.4681E-02
1.8973E-03  1.4273E-02
2.0159E-03  1.3978E-02
2.1344E-03  1.3649E-02
2.2530E-03  1.3320E-02
2.3716E-03  1.2895E-02
2.4902E-03  1.2421E-02
2.6088E-03  1.1972E-02
2.7273E-03  1.1518E-02
2.8459E-03  1.0934E-02
2.9645E-03  1.0394E-02
3.0831E-03  9.8945E-03
3.2017E-03  9.4073E-03
3.3202E-03  8.8947E-03
3.4388E-03  8.4172E-03
3.5574E-03  7.9103E-03
3.6760E-03  7.4300E-03
3.7946E-03  7.0046E-03
3.9131E-03  6.6159E-03
4.0317E-03  6.1853E-03
4.1503E-03  5.6603E-03
4.2689E-03  5.1333E-03
4.3875E-03  4.5604E-03
4.5060E-03  4.0398E-03
4.6246E-03  3.5669E-03
4.7432E-03  2.9728E-03
4.8618E-03  2.3264E-03
4.9804E-03  1.6678E-03
5.0989E-03  1.0489E-03
5.2175E-03  6.4912E-04
5.3361E-03  4.7436E-04
5.4547E-03  3.1070E-04
5.5733E-03  1.4878E-04
5.6918E-03  1.0351E-04
5.8104E-03  3.7995E-05
5.9290E-03  1.4239E-05
6.0476E-03  1.0230E-05
6.1662E-03  3.5965E-05
6.2847E-03  0.0000E+00
6.4033E-03  0.0000E+00
6.5219E-03  0.0000E+00
6.6405E-03  0.0000E+00
6.7591E-03  0.0000E+00
6.8776E-03  0.0000E+00
6.9962E-03  0.0000E+00
7.1148E-03  0.0000E+00
7.2334E-03  0.0000E+00
7.3520E-03  0.0000E+00
7.4705E-03  0.0000E+00
7.5891E-03  0.0000E+00
7.7077E-03  0.0000E+00
7.8263E-03  0.0000E+00
