 0.0000000E+00
 0.4848900E-04
 0.0000000E+00
 0.0000000E+00
 0.4848900E-04
 0.0000000E+00
 0.1054108E-03
 0.1054108E-03
 0.3330982E-03
 0.1623327E-03
 0.1623327E-03
 0.1623327E-03
 0.1623327E-03
 0.5038637E-03
 0.2761763E-03
 0.6746292E-03
 0.1073082E-02
 0.1756144E-02
 0.2268441E-02
 0.2496128E-02
 0.2609972E-02
 0.2951503E-02
 0.3293034E-02
 0.3862252E-02
 0.4089939E-02
 0.5114533E-02
 0.5342219E-02
 0.5968360E-02
 0.6252969E-02
 0.6708344E-02
 0.7277562E-02
 0.7562171E-02
 0.7846780E-02
 0.8017546E-02
 0.8586764E-02
 0.9155983E-02
 0.9668279E-02
 0.1023750E-01
 0.1046519E-01
 0.1057903E-01
 0.1086364E-01
 0.1143286E-01
 0.1188823E-01
 0.1217284E-01
 0.1257129E-01
 0.1245745E-01
 0.1268514E-01
 0.1285590E-01
 0.1325435E-01
 0.1382357E-01
 0.1416510E-01
 0.1462048E-01
 0.1501893E-01
 0.1524662E-01
 0.1524662E-01
 0.1518970E-01
 0.1507585E-01
 0.1501893E-01
 0.1530354E-01
 0.1513278E-01
 0.1524662E-01
 0.1518970E-01
 0.1518970E-01
 0.1547431E-01
 0.1530354E-01
 0.1547431E-01
 0.1507585E-01
 0.1547431E-01
 0.1524662E-01
 0.1530354E-01
 0.1518970E-01
 0.1524662E-01
 0.1541739E-01
 0.1541739E-01
 0.1518970E-01
 0.1496201E-01
 0.1462048E-01
 0.1427895E-01
 0.1393742E-01
 0.1348204E-01
 0.1336820E-01
 0.1291282E-01
 0.1274206E-01
 0.1274206E-01
 0.1251437E-01
 0.1188823E-01
 0.1171747E-01
 0.1137593E-01
 0.1086364E-01
 0.1046519E-01
 0.1006673E-01
 0.9895966E-02
 0.9668279E-02
 0.9212905E-02
 0.8928295E-02
 0.8529843E-02
 0.8017546E-02
 0.7505249E-02
 0.7049875E-02
 0.6879109E-02
 0.6480657E-02
 0.6594500E-02
 0.6822187E-02
 0.6765265E-02
 0.6196047E-02
 0.5683751E-02
 0.5000689E-02
 0.4431470E-02
 0.4203783E-02
 0.4089939E-02
 0.3349955E-02
 0.3122268E-02
 0.2666893E-02
 0.2382284E-02
 0.1926910E-02
 0.1585379E-02
 0.9592384E-03
 0.5607855E-03
 0.1623327E-03
 0.0000000E+00
 0.0000000E+00
 0.0000000E+00
 0.0000000E+00
 0.0000000E+00
 0.0000000E+00
 0.0000000E+00
 0.0000000E+00
 0.0000000E+00
 0.0000000E+00
 0.0000000E+00
 0.0000000E+00
 0.0000000E+00
 0.0000000E+00
