5.702214055673536681e-03
1.219806959979754211e-02
1.727337357215726413e-02
2.096147225378003007e-02
2.534984283697674229e-02
2.835100812943649670e-02
3.143887375256731315e-02
3.386648301135698064e-02
3.674760169211834654e-02
3.882174037201831240e-02
4.110929525049319272e-02
4.315008764936582863e-02
4.475070913867770089e-02
4.615125294182558652e-02
4.814536054725995773e-02
4.835210748962940480e-02
4.960592765625703587e-02
5.158669674928047927e-02
5.154001195584221456e-02
5.281383989108624083e-02
5.406766005771387190e-02
5.368751245400230770e-02
5.420771443802866602e-02
5.403431377668654195e-02
5.502136369509553343e-02
5.470123939723315482e-02
5.539484204260163719e-02
5.479460898410968422e-02
5.426773774387785854e-02
5.352745030507111840e-02
5.388759014016628740e-02
5.170007410477340387e-02
5.143330385655475734e-02
5.035955360747471077e-02
5.007277559063966904e-02
4.745175790189148229e-02
4.639801542142783092e-02
4.441057707219892708e-02
4.335683459173527571e-02
4.034233078686459001e-02
3.898180252094950171e-02
3.637412334461224278e-02
3.422662284645215658e-02
3.232588482789430784e-02
2.822429226153264081e-02
2.438946994338962032e-02
2.116821919614948061e-02
1.688655671224022908e-02
1.176456794644224410e-02
5.402097526427561067e-03
