#	Qy
[6.07, 6.08, 6.09, 6.1, 6.11, 6.12, 6.13, 6.14, 6.15, 6.16, 6.17, 6.18, 6.19, 6.2, 6.21]
#	beta_x_ptc
[]
#	beta_x
[8.394003463991467, 8.708286729183827, 9.032784558742966, 9.399867390714371, 9.81505304121718, 10.259924073989835, 10.672865484475587, 11.046993746565482, 11.359511019253874, 11.618268536499134, 11.831317088827735, 8.469621469523224, 12.165142064083902, 12.298633658877456, 12.417464319120704]
#	beta_x_eff
[10.758741794816958, 11.670328255761211, 12.524037028340047, 13.314310381195943, 13.995093479076372, 14.567437726006675, 15.00731106185243, 15.348107733881031, 15.610018514122615, 15.816985975818008, 15.971415127074023, 12.619273428474218, 16.199705636851878, 16.310634285817628, 16.38793500697962]
#	beta_y_ptc
[]
#	beta_y
[24.25812972124533, 24.16839768942765, 24.073361910869952, 23.964533160657354, 23.85424051924806, 23.7272113160871, 23.606226646832162, 23.47912207724786, 23.3574957557102, 23.2453856341838, 23.138855945291812, 26.241911023813913, 22.94285747960047, 22.85183321206868, 22.763701472111915]
#	beta_y_eff
[24.25812900068092, 24.16839672427947, 24.073360879202447, 23.964531931414182, 23.85423915361055, 23.72721017857249, 23.60622561815191, 23.47912125924191, 23.357494944234254, 23.245385090460896, 23.138855290628065, 26.241907810994537, 22.942857020822835, 22.851832853980063, 22.763701083150963]
#	alpha_x_ptc
[]
#	alpha_x
[0.09494016969245705, 0.07946471956476579, 0.06621276615003152, 0.05453415926070188, 0.044041249911320454, 0.03444655377771064, 0.02646927739735752, 0.019831167246733963, 0.014717326140394312, 0.010812784493718515, 0.007887953301228174, 0.08087020614528506, 0.0038908272377804125, 0.0025206572457230746, 0.0013920706296361995]
#	alpha_x_eff
[-0.0903977145803502, -0.08582703877146283, -0.07626111163734424, -0.06464854602071507, -0.05258770122560416, -0.04177356319519536, -0.03275767440563894, -0.025545783701886052, -0.019676546552782857, -0.014827600526220296, -0.010709742897535353, -0.06409810003694091, -0.004319489877500304, -0.001824179752989762, 0.00031512852672848713]
#	alpha_y_ptc
[]
#	alpha_y
[0.028911008609906703, 0.0298091467777196, 0.030729883940520928, 0.03176127978144148, 0.03279985972617165, 0.03398321534703865, 0.03512308463163282, 0.03630292440921215, 0.03743631684202831, 0.03848237473612636, 0.03945838121386767, -0.005633718017399714, 0.041238677981921885, 0.04205208697115897, 0.04283043541275512]
#	alpha_y_eff
[0.02891101864671029, 0.02980914993748392, 0.030729892309368283, 0.031761289242922874, 0.03279987034323106, 0.03398322381947462, 0.035123091193636595, 0.03630293244096726, 0.037436323423418065, 0.038482376128553625, 0.039458384594416154, -0.005633686693042419, 0.04123868178535598, 0.04205209046459274, 0.04283043864772137]
#	D_x_ptc
[]
#	D_x
[3.4105513098362543, 3.283853441633427, 3.1663951421572083, 3.0648420633046176, 2.9802558144715183, 2.907693019575976, 2.8456978265552255, 2.790859909624802, 2.7415926975644336, 2.6965805277242407, 2.6556961455446224, 3.2461373347079494, 2.5833867377832256, 2.550996227198573, 2.5202485644118187]
#	D_y_ptc
[]
#	D_y
[3.894379185517653e-08, -1.6034580020930179e-06, -1.115807284249341e-06, -2.1091450414330707e-06, -4.772279146403814e-06, -7.177485201322374e-06, 7.1281520163150744e-06, -4.6800680492703475e-08, 8.644617839412422e-06, 8.666252155001297e-06, 4.960717057444899e-06, 2.4192006032738668e-05, -1.1739619500046247e-07, 7.808612298156221e-08, 2.1546832524519833e-06]