
 etall    1, NO =    4, NV =    5, INA =   15
 *********************************************

    I  COEFFICIENT          ORDER   EXPONENTS
     1  -0.2761560314221E-13    0     0 0  0 0  0
  -2.7615603142211357E-014
     2   0.2419404183878        1     1 0  0 0  0
  0.24194041838778910     
     3    12.39184257661        1     0 1  0 0  0
   12.391842576608951     
     4    1.764490372574        1     0 0  0 0  1
   1.7644903725740171     
     5  -0.2764645267578        2     2 0  0 0  0
 -0.27646452675776240     
     6   -1.648667959942        2     1 1  0 0  0
  -1.6486679599420662     
     7   -21.30080588871        2     0 2  0 0  0
  -21.300805888707565     
     8  -0.2776705607982E-01    2     0 0  2 0  0
  -2.7767056079815576E-002
     9   0.9062431829845        2     0 0  1 1  0
  0.90624318298452922     
    10   -3.390238860318        2     1 0  0 0  1
  -3.3902388603175164     
    11    5.243887918850        2     0 1  0 0  1
   5.2438879188497607     
    12   -26.74255649934        2     0 0  0 2  0
  -26.742556499336054     
    13    9.322269990095        2     0 0  0 0  2
   9.3222699900954211     
    14   -15.20246408272        3     3 0  0 0  0
  -15.202464082719752     
    15    36.18273547912        3     2 1  0 0  0
   36.182735479115529     
    16   -2534.357180321        3     1 2  0 0  0
  -2534.3571803213067     
    17    7680.882726728        3     0 3  0 0  0
   7680.8827267281413     
    18  -0.9167328082228        3     1 0  2 0  0
 -0.91673280822283998     
    19   -2.534660436353        3     0 1  2 0  0
  -2.5346604363528660     
    20    23.48351727106        3     1 0  1 1  0
   23.483517271059988     
    21   -156.3799131212        3     0 1  1 1  0
  -156.37991312121039     
    22    100.5481802535        3     2 0  0 0  1
   100.54818025353612     
    23   -208.9825835385        3     1 1  0 0  1
  -208.98258353845645     
    24    5470.328672200        3     0 2  0 0  1
   5470.3286721995073     
    25    3.214098698752        3     0 0  2 0  1
   3.2140986987522515     
    26   -150.1672171627        3     1 0  0 2  0
  -150.16721716267728     
    27    4134.192557989        3     0 1  0 2  0
   4134.1925579893059     
    28   -67.84124684041        3     0 0  1 1  1
  -67.841246840410406     
    29   -588.7028757341        3     1 0  0 0  2
  -588.70287573409712     
    30    1197.730364861        3     0 1  0 0  2
   1197.7303648606128     
    31   -462.4526427132        3     0 0  0 2  1
  -462.45264271321810     
    32    1006.892767015        3     0 0  0 0  3
   1006.8927670151296     
    33   -9.400236455694        4     4 0  0 0  0
  -9.4002364556944951     
    34   -79.59965104503        4     3 1  0 0  0
  -79.599651045029148     
    35   -1312.403554909        4     2 2  0 0  0
  -1312.4035549086807     
    36   -10113.83258163        4     1 3  0 0  0
  -10113.832581630064     
    37   -83632.83276671        4     0 4  0 0  0
  -83632.832766706750     
    38   -1.557168272233        4     2 0  2 0  0
  -1.5571682722330562     
    39   -3.594447050911        4     1 1  2 0  0
  -3.5944470509105524     
    40   -53.26518394276        4     0 2  2 0  0
  -53.265183942759862     
    41   0.7493337986864        4     0 0  4 0  0
  0.74933379868636940     
    42   -21.01130021608        4     2 0  1 1  0
  -21.011300216082841     
    43    42.28904984246        4     1 1  1 1  0
   42.289049842457857     
    44   -420.1273473011        4     0 2  1 1  0
  -420.12734730109952     
    45   -16.39121298979        4     0 0  3 1  0
  -16.391212989785753     
    46    165.7634081727        4     3 0  0 0  1
   165.76340817272896     
    47   -734.8738939844        4     2 1  0 0  1
  -734.87389398443065     
    48    23954.42713415        4     1 2  0 0  1
   23954.427134146281     
    49   -205599.2883780        4     0 3  0 0  1
  -205599.28837802121     
    50    33.25557353747        4     1 0  2 0  1
   33.255573537467399     
    51   -125.2389044302        4     0 1  2 0  1
  -125.23890443023454     
    52   -2055.849228529        4     2 0  0 2  0
  -2055.8492285290758     
    53    3044.426182092        4     1 1  0 2  0
   3044.4261820916436     
    54   -136255.2546571        4     0 2  0 2  0
  -136255.25465713599     
    55   -148.7710029948        4     0 0  2 2  0
  -148.77100299482430     
    56    336.1582006846        4     1 0  1 1  1
   336.15820068460073     
    57    4828.493600574        4     0 1  1 1  1
   4828.4936005744139     
    58   -990.0882245318        4     2 0  0 0  2
  -990.08822453175969     
    59    2687.344535200        4     1 1  0 0  2
   2687.3445351998939     
    60   -61402.23926449        4     0 2  0 0  2
  -61402.239264492491     
    61   -82.88471849987        4     0 0  2 0  2
  -82.884718499873401     
    62   -8919.372130103        4     0 0  1 3  0
  -8919.3721301027545     
    63    13050.66587788        4     1 0  0 2  1
   13050.665877879133     
    64   -31812.13894610        4     0 1  0 2  1
  -31812.138946100120     
    65   -1767.537149215        4     0 0  1 1  2
  -1767.5371492152210     
    66    2738.319972908        4     1 0  0 0  3
   2738.3199729076005     
    67   -27385.14602166        4     0 1  0 0  3
  -27385.146021662233     
    68   -206668.9688255        4     0 0  0 4  0
  -206668.96882549694     
    69   -33758.77681605        4     0 0  0 2  2
  -33758.776816054051     
    70   -2915.221626612        4     0 0  0 0  4
  -2915.2216266115574     
                                      

 etall    1, NO =    4, NV =    5, INA =   19
 *********************************************

    I  COEFFICIENT          ORDER   EXPONENTS
     1   0.1153933269805E-14    0     0 0  0 0  0
   1.1539332698048934E-015
     2  -0.7571097591766E-01    1     1 0  0 0  0
  -7.5710975917662807E-002
     3   0.2554410111321        1     0 1  0 0  0
  0.25544101113207168     
     4   0.1763326779983        1     0 0  0 0  1
  0.17633267799833058     
     5  -0.1498886083194E-01    2     2 0  0 0  0
  -1.4988860831935853E-002
     6  -0.4357113691082        2     1 1  0 0  0
 -0.43571136910822089     
     7   -3.622213461615        2     0 2  0 0  0
  -3.6222134616147930     
     8  -0.2953852358526E-02    2     0 0  2 0  0
  -2.9538523585260568E-003
     9  -0.5161138045160E-01    2     0 0  1 1  0
  -5.1611380451598771E-002
    10  -0.1096831561484        2     1 0  0 0  1
 -0.10968315614835740     
    11   -3.679377921673        2     0 1  0 0  1
  -3.6793779216726250     
    12   -3.207377603610        2     0 0  0 2  0
  -3.2073776036096686     
    13   0.3311117907245        2     0 0  0 0  2
  0.33111179072451863     
    14  -0.3372552479109        3     3 0  0 0  0
 -0.33725524791091471     
    15   -15.78309170259        3     2 1  0 0  0
  -15.783091702588289     
    16   -59.14581931813        3     1 2  0 0  0
  -59.145819318133206     
    17   -2512.340246009        3     0 3  0 0  0
  -2512.3402460089037     
    18  -0.3817608383005E-01    3     1 0  2 0  0
  -3.8176083830051666E-002
    19  -0.2294498611883        3     0 1  2 0  0
 -0.22944986118825228     
    20  -0.9475471523055        3     1 0  1 1  0
 -0.94754715230551123     
    21   -24.57349702871        3     0 1  1 1  0
  -24.573497028708466     
    22    2.232000504253        3     2 0  0 0  1
   2.2320005042526949     
    23    67.30271146897        3     1 1  0 0  1
   67.302711468973527     
    24    63.69529100392        3     0 2  0 0  1
   63.695291003924709     
    25   0.9047165222563E-01    3     0 0  2 0  1
   9.0471652225629917E-002
    26    11.23789136114        3     1 0  0 2  0
   11.237891361143381     
    27   -522.7676419659        3     0 1  0 2  0
  -522.76764196589909     
    28    4.063487066821        3     0 0  1 1  1
   4.0634870668210841     
    29   -12.37090069118        3     1 0  0 0  2
  -12.370900691180278     
    30   -440.8104597481        3     0 1  0 0  2
  -440.81045974814504     
    31   -37.11273368657        3     0 0  0 2  1
  -37.112733686573108     
    32    20.03459926599        3     0 0  0 0  3
   20.034599265993617     
    33   0.2340405490821        4     4 0  0 0  0
  0.23404054908212973     
    34   -3.236474671981        4     3 1  0 0  0
  -3.2364746719809636     
    35   -40.42428643482        4     2 2  0 0  0
  -40.424286434817205     
    36   -22.93369108349        4     1 3  0 0  0
  -22.933691083488043     
    37   -11035.00619865        4     0 4  0 0  0
  -11035.006198650073     
    38  -0.1984901150587E-01    4     2 0  2 0  0
  -1.9849011505867341E-002
    39  -0.6567660398866        4     1 1  2 0  0
 -0.65676603988663684     
    40   -9.129630300950        4     0 2  2 0  0
  -9.1296303009502271     
    41  -0.1108396581846E-01    4     0 0  4 0  0
  -1.1083965818460051E-002
    42  -0.3121540395819        4     2 0  1 1  0
 -0.31215403958194632     
    43   -12.34445992150        4     1 1  1 1  0
  -12.344459921501381     
    44    38.43046735870        4     0 2  1 1  0
   38.430467358698223     
    45    1.244485878501        4     0 0  3 1  0
   1.2444858785013790     
    46    5.509009942176        4     3 0  0 0  1
   5.5090099421760286     
    47    109.7762401227        4     2 1  0 0  1
   109.77624012269149     
    48    1516.137355444        4     1 2  0 0  1
   1516.1373554442050     
    49    17517.19260106        4     0 3  0 0  1
   17517.192601064096     
    50   0.2996049133050        4     1 0  2 0  1
  0.29960491330495709     
    51    7.208824485381        4     0 1  2 0  1
   7.2088244853809140     
    52   -35.45600467794        4     2 0  0 2  0
  -35.456004677940825     
    53   -1473.211395153        4     1 1  0 2  0
  -1473.2113951531617     
    54   -4069.001399738        4     0 2  0 2  0
  -4069.0013997379092     
    55    1.361584465849        4     0 0  2 2  0
   1.3615844658491003     
    56    27.13736256633        4     1 0  1 1  1
   27.137362566329461     
    57   -263.2457563743        4     0 1  1 1  1
  -263.24575637428399     
    58   -36.29266520008        4     2 0  0 0  2
  -36.292665200082439     
    59   -406.9100584002        4     1 1  0 0  2
  -406.91005840018744     
    60   -5376.747961314        4     0 2  0 0  2
  -5376.7479613140449     
    61  -0.3631436484808        4     0 0  2 0  2
 -0.36314364848078862     
    62    667.2321466605        4     0 0  1 3  0
   667.23214666052399     
    63    674.4116201607        4     1 0  0 2  1
   674.41162016074384     
    64    17201.75261003        4     0 1  0 2  1
   17201.752610028445     
    65   -61.52829079478        4     0 0  1 1  2
  -61.528290794777007     
    66    214.4453564100        4     1 0  0 0  3
   214.44535641003137     
    67    721.2289288388        4     0 1  0 0  3
   721.22892883883549     
    68    3025.429993045        4     0 0  0 4  0
   3025.4299930447669     
    69   -1965.200341175        4     0 0  0 2  2
  -1965.2003411751839     
    70   -382.3455873357        4     0 0  0 0  4
  -382.34558733566638     
                                      

 etall    1, NO =    4, NV =    5, INA =   20
 *********************************************

    I  COEFFICIENT          ORDER   EXPONENTS
     1   0.8437126642014        1     0 0  1 0  0
  0.84371266420137592     
     2    13.06422078684        1     0 0  0 1  0
   13.064220786835604     
     3  -0.1256881865478        2     1 0  1 0  0
 -0.12568818654784375     
     4  -0.3210656527854E-01    2     0 1  1 0  0
  -3.2106565278543393E-002
     5    5.674214272532        2     1 0  0 1  0
   5.6742142725321871     
     6    45.89640382624        2     0 1  0 1  0
   45.896403826239137     
     7    10.03614030195        2     0 0  1 0  1
   10.036140301945117     
     8   -345.0159097941        2     0 0  0 1  1
  -345.01590979409559     
     9   -1.651101900757        3     2 0  1 0  0
  -1.6511019007574284     
    10    7.575924874826        3     1 1  1 0  0
   7.5759248748264092     
    11    81.30596005375        3     0 2  1 0  0
   81.305960053746134     
    12    6.790856875616        3     0 0  3 0  0
   6.7908568756158454     
    13    15.44454596017        3     2 0  0 1  0
   15.444545960167599     
    14   -521.2820793603        3     1 1  0 1  0
  -521.28207936025262     
    15    4483.060656500        3     0 2  0 1  0
   4483.0606565003163     
    16   -206.4254412591        3     0 0  2 1  0
  -206.42544125911897     
    17    11.69461157842        3     1 0  1 0  1
   11.694611578420654     
    18   -26.55789205649        3     0 1  1 0  1
  -26.557892056492953     
    19    2793.948057881        3     0 0  1 2  0
   2793.9480578809175     
    20    56.85363274679        3     1 0  0 1  1
   56.853632746786317     
    21    2687.488076474        3     0 1  0 1  1
   2687.4880764738800     
    22   -189.6315816642        3     0 0  1 0  2
  -189.63158166421874     
    23   -110022.7761439        3     0 0  0 3  0
  -110022.77614389759     
    24   -929.2681934449        3     0 0  0 1  2
  -929.26819344492753     
    25   -1.200706152009        4     3 0  1 0  0
  -1.2007061520091227     
    26   -49.22953450941        4     2 1  1 0  0
  -49.229534509407635     
    27   -195.5895962780        4     1 2  1 0  0
  -195.58959627803949     
    28   -5452.021111430        4     0 3  1 0  0
  -5452.0211114296217     
    29    3.761949053280        4     1 0  3 0  0
   3.7619490532804885     
    30   -4.311496209404        4     0 1  3 0  0
  -4.3114962094035603     
    31    44.68740525219        4     3 0  0 1  0
   44.687405252185904     
    32    1100.316131834        4     2 1  0 1  0
   1100.3161318340640     
    33    5369.637562113        4     1 2  0 1  0
   5369.6375621132311     
    34    165698.7268679        4     0 3  0 1  0
   165698.72686788428     
    35    74.37205803016        4     1 0  2 1  0
   74.372058030162322     
    36    1538.359807899        4     0 1  2 1  0
   1538.3598078990951     
    37    39.27146327491        4     2 0  1 0  1
   39.271463274914716     
    38    41.99957651666        4     1 1  1 0  1
   41.999576516659616     
    39    5993.666999990        4     0 2  1 0  1
   5993.6669999903716     
    40   -207.9198453248        4     0 0  3 0  1
  -207.91984532483977     
    41    950.9192560514        4     1 0  1 2  0
   950.91925605135316     
    42   -37217.24597887        4     0 1  1 2  0
  -37217.245978870880     
    43   -592.0259146187        4     2 0  0 1  1
  -592.02591461868815     
    44   -5178.250411439        4     1 1  0 1  1
  -5178.2504114394851     
    45   -97329.31168039        4     0 2  0 1  1
  -97329.311680394341     
    46   -3233.531512139        4     0 0  2 1  1
  -3233.5315121389085     
    47   -148.8314148243        4     1 0  1 0  2
  -148.83141482433692     
    48   -464.0999900283        4     0 1  1 0  2
  -464.09999002826930     
    49    40751.09383118        4     1 0  0 3  0
   40751.093831176811     
    50    369166.4144067        4     0 1  0 3  0
   369166.41440671420     
    51   -107264.7610961        4     0 0  1 2  1
  -107264.76109607713     
    52    1825.102930097        4     1 0  0 1  2
   1825.1029300966302     
    53    27924.54719381        4     0 1  0 1  2
   27924.547193809372     
    54    703.2830064147        4     0 0  1 0  3
   703.28300641467069     
    55   -1229651.765581        4     0 0  0 3  1
  -1229651.7655806532     
    56    28497.63555782        4     0 0  0 1  3
   28497.635557815829     
                                      

 etall    1, NO =    4, NV =    5, INA =   21
 *********************************************

    I  COEFFICIENT          ORDER   EXPONENTS
     1  -0.2653757920885E-01    1     0 0  1 0  0
  -2.6537579208853239E-002
     2   0.7743242857280        1     0 0  0 1  0
  0.77432428572799505     
     3  -0.2957973909636E-02    2     1 0  1 0  0
  -2.9579739096364977E-003
     4  -0.7130628295055E-01    2     0 1  1 0  0
  -7.1306282950546890E-002
     5  -0.1089234801950        2     1 0  0 1  0
 -0.10892348019499971     
     6   -2.518250196801        2     0 1  0 1  0
  -2.5182501968007229     
     7   0.6406586471496        2     0 0  1 0  1
  0.64065864714957799     
     8    11.56124151378        2     0 0  0 1  1
   11.561241513775292     
     9  -0.3569123468175E-01    3     2 0  1 0  0
  -3.5691234681746481E-002
    10  -0.8199999181900        3     1 1  1 0  0
 -0.81999991819003892     
    11   -4.659624060299        3     0 2  1 0  0
  -4.6596240602993930     
    12   0.4564512808833        3     0 0  3 0  0
  0.45645128088333925     
    13   0.4407598836344        3     2 0  0 1  0
  0.44075988363441870     
    14   -4.273607862608        3     1 1  0 1  0
  -4.2736078626078520     
    15   -291.7517763899        3     0 2  0 1  0
  -291.75177638988998     
    16    8.988883570238        3     0 0  2 1  0
   8.9888835702383290     
    17   0.2043563124974        3     1 0  1 0  1
  0.20435631249735747     
    18    2.004647589522        3     0 1  1 0  1
   2.0046475895218565     
    19    240.7317720783        3     0 0  1 2  0
   240.73177207828462     
    20  -0.8206090471372        3     1 0  0 1  1
 -0.82060904713719962     
    21    65.28832416269        3     0 1  0 1  1
   65.288324162686521     
    22    1.944933145240        3     0 0  1 0  2
   1.9449331452400149     
    23    3851.906480491        3     0 0  0 3  0
   3851.9064804906811     
    24   -166.1249979042        3     0 0  0 1  2
  -166.12499790420594     
    25   0.2298905747690E-01    4     3 0  1 0  0
   2.2989057476900110E-002
    26  -0.5178626364239        4     2 1  1 0  0
 -0.51786263642385044     
    27    4.130898804179        4     1 2  1 0  0
   4.1308988041793029     
    28   -144.4538818164        4     0 3  1 0  0
  -144.45388181644216     
    29   0.2128244842897E-01    4     1 0  3 0  0
   2.1282448428972350E-002
    30   0.1882839816650        4     0 1  3 0  0
  0.18828398166497262     
    31  -0.3893212065124        4     3 0  0 1  0
 -0.38932120651242919     
    32   -8.950399526417        4     2 1  0 1  0
  -8.9503995264172538     
    33    16.45342668410        4     1 2  0 1  0
   16.453426684098758     
    34   -2845.680787278        4     0 3  0 1  0
  -2845.6807872775817     
    35    1.758967725760        4     1 0  2 1  0
   1.7589677257599459     
    36    123.8535755384        4     0 1  2 1  0
   123.85357553839387     
    37   0.5534221375963        4     2 0  1 0  1
  0.55342213759628889     
    38    4.865605981186        4     1 1  1 0  1
   4.8656059811864258     
    39    59.78023800408        4     0 2  1 0  1
   59.780238004084936     
    40    5.299830795832        4     0 0  3 0  1
   5.2998307958318707     
    41   -13.17720420696        4     1 0  1 2  0
  -13.177204206963488     
    42    1253.831690514        4     0 1  1 2  0
   1253.8316905140548     
    43    37.41578097816        4     2 0  0 1  1
   37.415780978163930     
    44    137.7271600566        4     1 1  0 1  1
   137.72716005659342     
    45    5957.280088258        4     0 2  0 1  1
   5957.2800882576057     
    46   -181.0608324305        4     0 0  2 1  1
  -181.06083243045171     
    47   -1.646175784629        4     1 0  1 0  2
  -1.6461757846289142     
    48   -13.85618943932        4     0 1  1 0  2
  -13.856189439319293     
    49    56.38900566475        4     1 0  0 3  0
   56.389005664746264     
    50    23229.30118859        4     0 1  0 3  0
   23229.301188592734     
    51    1967.253461441        4     0 0  1 2  1
   1967.2534614408003     
    52   -170.0786258587        4     1 0  0 1  2
  -170.07862585872363     
    53   -246.6776944859        4     0 1  0 1  2
  -246.67769448593776     
    54   -59.28387629367        4     0 0  1 0  3
  -59.283876293672414     
    55   -93508.84074939        4     0 0  0 3  1
  -93508.840749394760     
    56    613.8685824326        4     0 0  0 1  3
   613.86858243259883     
                                      

 etall    1, NO =    4, NV =    5, INA =   22
 *********************************************

    I  COEFFICIENT          ORDER   EXPONENTS
     1    1.000000000000        1     0 0  0 0  1
   1.0000000000000000     
                                      

 etall    1, NO =    4, NV =    5, INA =   30
 *********************************************

    I  COEFFICIENT          ORDER   EXPONENTS
     1  -0.1401101457077E-12    0     0 0  0 0  0
  -1.4011014570769476E-013
     2   0.1762532899954        1     1 0  0 0  0
  0.17625328999544626     
     3    1.734363581964        1     0 1  0 0  0
   1.7343635819644472     
     4    16.54797546873        1     0 0  0 0  1
   16.547975468730481     
     5  -0.1639095704395        2     2 0  0 0  0
 -0.16390957043953436     
     6  -0.1507588233124E-01    2     1 1  0 0  0
  -1.5075882331239085E-002
     7   -20.83155537417        2     0 2  0 0  0
  -20.831555374173465     
     8   0.4225131724908        2     0 0  2 0  0
  0.42251317249080039     
     9   0.9015650710218        2     0 0  1 1  0
  0.90156507102175942     
    10    1.167539943562        2     1 0  0 0  1
   1.1675399435618286     
    11    10.86048594691        2     0 1  0 0  1
   10.860485946912021     
    12    219.1385529253        2     0 0  0 2  0
   219.13855292528126     
    13    4.160944234732        2     0 0  0 0  2
   4.1609442347321259     
    14   0.6182682196155        3     3 0  0 0  0
  0.61826821961550193     
    15    34.90744754104        3     2 1  0 0  0
   34.907447541041059     
    16    95.39752194838        3     1 2  0 0  0
   95.397521948380898     
    17    5649.621505434        3     0 3  0 0  0
   5649.6215054341001     
    18   0.1253317484380        3     1 0  2 0  0
  0.12533174843800243     
    19   0.9476902590561        3     0 1  2 0  0
  0.94769025905607263     
    20    3.888105450214        3     1 0  1 1  0
   3.8881054502135548     
    21    117.4983669013        3     0 1  1 1  0
   117.49836690131092     
    22   -33.67632455981        3     2 0  0 0  1
  -33.676324559810510     
    23   -167.4615221189        3     1 1  0 0  1
  -167.46152211890922     
    24   -4862.766694502        3     0 2  0 0  1
  -4862.7666945019746     
    25   -2.958597188897        3     0 0  2 0  1
  -2.9585971888970160     
    26   -64.49172991571        3     1 0  0 2  0
  -64.491729915713634     
    27    984.2351183728        3     0 1  0 2  0
   984.23511837280796     
    28   -10.42576949150        3     0 0  1 1  1
  -10.425769491501898     
    29    161.0607165075        3     1 0  0 0  2
   161.06071650745665     
    30    1034.269431158        3     0 1  0 0  2
   1034.2694311581508     
    31   -1442.671132746        3     0 0  0 2  1
  -1442.6711327456414     
    32   -319.9454159394        3     0 0  0 0  3
  -319.94541593943859     
    33    2.238284884610        4     4 0  0 0  0
   2.2382848846099059     
    34   0.2517902375426        4     3 1  0 0  0
  0.25179023754259716     
    35    881.8628881241        4     2 2  0 0  0
   881.86288812411340     
    36   -1157.454858980        4     1 3  0 0  0
  -1157.4548589799533     
    37    70035.29544885        4     0 4  0 0  0
   70035.295448849181     
    38   0.3475300036815        4     2 0  2 0  0
  0.34753000368153558     
    39    10.91007521599        4     1 1  2 0  0
   10.910075215991974     
    40    182.1065685134        4     0 2  2 0  0
   182.10656851335136     
    41  -0.2756451498256        4     0 0  4 0  0
 -0.27564514982560240     
    42   -17.67404943401        4     2 0  1 1  0
  -17.674049434008111     
    43   -275.4393359553        4     1 1  1 1  0
  -275.43933595533946     
    44    3010.564669950        4     0 2  1 1  0
   3010.5646699500835     
    45    2.796835681258        4     0 0  3 1  0
   2.7968356812584574     
    46   -48.45699213513        4     3 0  0 0  1
  -48.456992135127159     
    47   -238.1643735571        4     2 1  0 0  1
  -238.16437355706245     
    48   -7628.889867088        4     1 2  0 0  1
  -7628.8898670880299     
    49   -37713.41218850        4     0 3  0 0  1
  -37713.412188503287     
    50   -3.388665960286        4     1 0  2 0  1
  -3.3886659602862843     
    51   -50.37759416090        4     0 1  2 0  1
  -50.377594160897623     
    52    644.1641269876        4     2 0  0 2  0
   644.16412698760132     
    53   -1870.144757803        4     1 1  0 2  0
  -1870.1447578031966     
    54    41677.33263823        4     0 2  0 2  0
   41677.332638225576     
    55   -218.1901240419        4     0 0  2 2  0
  -218.19012404193640     
    56   -7.410822280941        4     1 0  1 1  1
  -7.4108222809411961     
    57    1426.061179050        4     0 1  1 1  1
   1426.0611790499304     
    58    320.5744368809        4     2 0  0 0  2
   320.57443688091331     
    59    801.6809901789        4     1 1  0 0  2
   801.68099017885640     
    60    35702.93036398        4     0 2  0 0  2
   35702.930363982661     
    61    16.57398957278        4     0 0  2 0  2
   16.573989572777908     
    62    924.1576627829        4     0 0  1 3  0
   924.15766278285560     
    63   -6891.714337297        4     1 0  0 2  1
  -6891.7143372971186     
    64   -23347.47239137        4     0 1  0 2  1
  -23347.472391368043     
    65    36.59967525453        4     0 0  1 1  2
   36.599675254525089     
    66   -1180.059851163        4     1 0  0 0  3
  -1180.0598511633414     
    67   -1633.426148551        4     0 1  0 0  3
  -1633.4261485509387     
    68   -66891.38344561        4     0 0  0 4  0
  -66891.383445608444     
    69    18492.38562698        4     0 0  0 2  2
   18492.385626976444     
    70    1714.385849997        4     0 0  0 0  4
   1714.3858499967369     
                                      
