# Turn	Orbit_Min_x	Orbit_Max_x	Orbit_Min_y	Orbit_Max_y
0	-0.000000	0.000000	0.000000	0.000000
1	-0.038637	0.036955	0.000000	0.000000
2	-0.038631	0.036949	0.000000	0.000000
3	-0.038625	0.036943	0.000000	0.000000
4	-0.038619	0.036937	0.000000	0.000000
5	-0.038613	0.036932	0.000000	0.000000
6	-0.038607	0.036926	0.000000	0.000000
7	-0.038601	0.036920	0.000000	0.000000
8	-0.038595	0.036914	0.000000	0.000000
9	-0.038589	0.036909	0.000000	0.000000
10	-0.038583	0.036903	0.000000	0.000000
11	-0.038574	0.036895	0.000000	0.000000
12	-0.038565	0.036886	0.000000	0.000000
13	-0.038556	0.036877	0.000000	0.000000
14	-0.038547	0.036868	0.000000	0.000000
15	-0.038537	0.036859	0.000000	0.000000
16	-0.038528	0.036850	0.000000	0.000000
17	-0.038519	0.036841	0.000000	0.000000
18	-0.038510	0.036833	0.000000	0.000000
19	-0.038501	0.036824	0.000000	0.000000
20	-0.038491	0.036815	0.000000	0.000000
21	-0.038479	0.036803	0.000000	0.000000
22	-0.038465	0.036790	0.000000	0.000000
23	-0.038451	0.036777	0.000000	0.000000
24	-0.038438	0.036764	0.000000	0.000000
25	-0.038424	0.036751	0.000000	0.000000
26	-0.038411	0.036738	0.000000	0.000000
27	-0.038397	0.036725	0.000000	0.000000
28	-0.038384	0.036712	0.000000	0.000000
29	-0.038370	0.036699	0.000000	0.000000
30	-0.038356	0.036686	0.000000	0.000000
31	-0.038341	0.036671	0.000000	0.000000
32	-0.038325	0.036656	0.000000	0.000000
33	-0.038310	0.036641	0.000000	0.000000
34	-0.038294	0.036626	0.000000	0.000000
35	-0.038278	0.036611	0.000000	0.000000
36	-0.038263	0.036596	0.000000	0.000000
37	-0.038247	0.036581	0.000000	0.000000
38	-0.038231	0.036566	0.000000	0.000000
39	-0.038216	0.036551	0.000000	0.000000
40	-0.038200	0.036536	0.000000	0.000000
41	-0.038180	0.036517	0.000000	0.000000
42	-0.038159	0.036497	0.000000	0.000000
43	-0.038138	0.036477	0.000000	0.000000
44	-0.038117	0.036457	0.000000	0.000000
45	-0.038096	0.036436	0.000000	0.000000
46	-0.038075	0.036416	0.000000	0.000000
47	-0.038053	0.036396	0.000000	0.000000
48	-0.038032	0.036376	0.000000	0.000000
49	-0.038011	0.036356	0.000000	0.000000
50	-0.037990	0.036336	0.000000	0.000000
51	-0.037967	0.036313	0.000000	0.000000
52	-0.037942	0.036290	0.000000	0.000000
53	-0.037918	0.036267	0.000000	0.000000
54	-0.037894	0.036244	0.000000	0.000000
55	-0.037870	0.036221	0.000000	0.000000
56	-0.037845	0.036198	0.000000	0.000000
57	-0.037821	0.036175	0.000000	0.000000
58	-0.037797	0.036151	0.000000	0.000000
59	-0.037773	0.036128	0.000000	0.000000
60	-0.037749	0.036105	0.000000	0.000000
61	-0.037722	0.036080	0.000000	0.000000
62	-0.037694	0.036054	0.000000	0.000000
63	-0.037667	0.036027	0.000000	0.000000
64	-0.037639	0.036001	0.000000	0.000000
65	-0.037612	0.035975	0.000000	0.000000
66	-0.037585	0.035949	0.000000	0.000000
67	-0.037557	0.035923	0.000000	0.000000
68	-0.037530	0.035897	0.000000	0.000000
69	-0.037503	0.035871	0.000000	0.000000
70	-0.037475	0.035845	0.000000	0.000000
71	-0.037444	0.035815	0.000000	0.000000
72	-0.037413	0.035785	0.000000	0.000000
73	-0.037381	0.035755	0.000000	0.000000
74	-0.037349	0.035725	0.000000	0.000000
75	-0.037318	0.035695	0.000000	0.000000
76	-0.037286	0.035664	0.000000	0.000000
77	-0.037255	0.035634	0.000000	0.000000
78	-0.037223	0.035604	0.000000	0.000000
79	-0.037191	0.035574	0.000000	0.000000
80	-0.037160	0.035544	0.000000	0.000000
81	-0.037126	0.035511	0.000000	0.000000
82	-0.037091	0.035478	0.000000	0.000000
83	-0.037056	0.035445	0.000000	0.000000
84	-0.037021	0.035412	0.000000	0.000000
85	-0.036987	0.035379	0.000000	0.000000
86	-0.036952	0.035346	0.000000	0.000000
87	-0.036917	0.035313	0.000000	0.000000
88	-0.036883	0.035280	0.000000	0.000000
89	-0.036848	0.035247	0.000000	0.000000
90	-0.036813	0.035214	0.000000	0.000000
91	-0.036776	0.035178	0.000000	0.000000
92	-0.036738	0.035142	0.000000	0.000000
93	-0.036700	0.035106	0.000000	0.000000
94	-0.036662	0.035070	0.000000	0.000000
95	-0.036624	0.035034	0.000000	0.000000
96	-0.036587	0.034998	0.000000	0.000000
97	-0.036549	0.034962	0.000000	0.000000
98	-0.036511	0.034926	0.000000	0.000000
99	-0.036473	0.034890	0.000000	0.000000
100	-0.036435	0.034854	0.000000	0.000000
101	-0.036394	0.034814	0.000000	0.000000
102	-0.036352	0.034774	0.000000	0.000000
103	-0.036310	0.034734	0.000000	0.000000
104	-0.036268	0.034694	0.000000	0.000000
105	-0.036226	0.034654	0.000000	0.000000
106	-0.036184	0.034614	0.000000	0.000000
107	-0.036142	0.034574	0.000000	0.000000
108	-0.036100	0.034534	0.000000	0.000000
109	-0.036058	0.034494	0.000000	0.000000
110	-0.036016	0.034454	0.000000	0.000000
111	-0.035972	0.034412	0.000000	0.000000
112	-0.035927	0.034369	0.000000	0.000000
113	-0.035881	0.034326	0.000000	0.000000
114	-0.035836	0.034283	0.000000	0.000000
115	-0.035791	0.034240	0.000000	0.000000
116	-0.035746	0.034197	0.000000	0.000000
117	-0.035701	0.034154	0.000000	0.000000
118	-0.035656	0.034111	0.000000	0.000000
119	-0.035611	0.034068	0.000000	0.000000
120	-0.035566	0.034025	0.000000	0.000000
121	-0.035518	0.033980	0.000000	0.000000
122	-0.035470	0.033934	0.000000	0.000000
123	-0.035422	0.033888	0.000000	0.000000
124	-0.035374	0.033842	0.000000	0.000000
125	-0.035326	0.033796	0.000000	0.000000
126	-0.035278	0.033751	0.000000	0.000000
127	-0.035229	0.033705	0.000000	0.000000
128	-0.035181	0.033659	0.000000	0.000000
129	-0.035133	0.033613	0.000000	0.000000
130	-0.035085	0.033567	0.000000	0.000000
131	-0.035034	0.033519	0.000000	0.000000
132	-0.034983	0.033470	0.000000	0.000000
133	-0.034932	0.033421	0.000000	0.000000
134	-0.034881	0.033372	0.000000	0.000000
135	-0.034830	0.033324	0.000000	0.000000
136	-0.034778	0.033275	0.000000	0.000000
137	-0.034727	0.033226	0.000000	0.000000
138	-0.034676	0.033177	0.000000	0.000000
139	-0.034625	0.033129	0.000000	0.000000
140	-0.034574	0.033080	0.000000	0.000000
141	-0.034520	0.033029	0.000000	0.000000
142	-0.034466	0.032977	0.000000	0.000000
143	-0.034411	0.032925	0.000000	0.000000
144	-0.034357	0.032874	0.000000	0.000000
145	-0.034303	0.032822	0.000000	0.000000
146	-0.034249	0.032770	0.000000	0.000000
147	-0.034194	0.032719	0.000000	0.000000
148	-0.034140	0.032667	0.000000	0.000000
149	-0.034086	0.032615	0.000000	0.000000
150	-0.034032	0.032564	0.000000	0.000000
151	-0.033974	0.032509	0.000000	0.000000
152	-0.033915	0.032453	0.000000	0.000000
153	-0.033857	0.032397	0.000000	0.000000
154	-0.033799	0.032342	0.000000	0.000000
155	-0.033740	0.032286	0.000000	0.000000
156	-0.033682	0.032231	0.000000	0.000000
157	-0.033624	0.032175	0.000000	0.000000
158	-0.033565	0.032120	0.000000	0.000000
159	-0.033507	0.032064	0.000000	0.000000
160	-0.033449	0.032008	0.000000	0.000000
161	-0.033389	0.031951	0.000000	0.000000
162	-0.033328	0.031894	0.000000	0.000000
163	-0.033268	0.031836	0.000000	0.000000
164	-0.033207	0.031779	0.000000	0.000000
165	-0.033147	0.031721	0.000000	0.000000
166	-0.033087	0.031664	0.000000	0.000000
167	-0.033026	0.031606	0.000000	0.000000
168	-0.032966	0.031549	0.000000	0.000000
169	-0.032906	0.031491	0.000000	0.000000
170	-0.032846	0.031434	0.000000	0.000000
171	-0.032782	0.031373	0.000000	0.000000
172	-0.032717	0.031312	0.000000	0.000000
173	-0.032653	0.031250	0.000000	0.000000
174	-0.032588	0.031189	0.000000	0.000000
175	-0.032524	0.031127	0.000000	0.000000
176	-0.032459	0.031066	0.000000	0.000000
177	-0.032395	0.031005	0.000000	0.000000
178	-0.032330	0.030943	0.000000	0.000000
179	-0.032266	0.030882	0.000000	0.000000
180	-0.032202	0.030820	0.000000	0.000000
181	-0.032135	0.030757	0.000000	0.000000
182	-0.032069	0.030694	0.000000	0.000000
183	-0.032002	0.030631	0.000000	0.000000
184	-0.031936	0.030567	0.000000	0.000000
185	-0.031869	0.030504	0.000000	0.000000
186	-0.031803	0.030441	0.000000	0.000000
187	-0.031737	0.030377	0.000000	0.000000
188	-0.031670	0.030314	0.000000	0.000000
189	-0.031604	0.030251	0.000000	0.000000
190	-0.031537	0.030188	0.000000	0.000000
191	-0.031468	0.030122	0.000000	0.000000
192	-0.031399	0.030056	0.000000	0.000000
193	-0.031329	0.029989	0.000000	0.000000
194	-0.031260	0.029923	0.000000	0.000000
195	-0.031190	0.029857	0.000000	0.000000
196	-0.031121	0.029791	0.000000	0.000000
197	-0.031051	0.029724	0.000000	0.000000
198	-0.030982	0.029658	0.000000	0.000000
199	-0.030912	0.029592	0.000000	0.000000
200	-0.030843	0.029526	0.000000	0.000000
201	-0.030771	0.029457	0.000000	0.000000
202	-0.030698	0.029388	0.000000	0.000000
203	-0.030625	0.029319	0.000000	0.000000
204	-0.030553	0.029250	0.000000	0.000000
205	-0.030480	0.029181	0.000000	0.000000
206	-0.030408	0.029111	0.000000	0.000000
207	-0.030335	0.029042	0.000000	0.000000
208	-0.030263	0.028973	0.000000	0.000000
209	-0.030191	0.028904	0.000000	0.000000
210	-0.030120	0.028835	0.000000	0.000000
211	-0.030045	0.028763	0.000000	0.000000
212	-0.029970	0.028691	0.000000	0.000000
213	-0.029894	0.028619	0.000000	0.000000
214	-0.029819	0.028547	0.000000	0.000000
215	-0.029744	0.028475	0.000000	0.000000
216	-0.029669	0.028403	0.000000	0.000000
217	-0.029594	0.028331	0.000000	0.000000
218	-0.029519	0.028259	0.000000	0.000000
219	-0.029444	0.028187	0.000000	0.000000
220	-0.029368	0.028115	0.000000	0.000000
221	-0.029291	0.028041	0.000000	0.000000
222	-0.029214	0.027967	0.000000	0.000000
223	-0.029137	0.027893	0.000000	0.000000
224	-0.029060	0.027819	0.000000	0.000000
225	-0.028982	0.027745	0.000000	0.000000
226	-0.028905	0.027671	0.000000	0.000000
227	-0.028828	0.027597	0.000000	0.000000
228	-0.028751	0.027523	0.000000	0.000000
229	-0.028674	0.027449	0.000000	0.000000
230	-0.028596	0.027375	0.000000	0.000000
231	-0.028516	0.027298	0.000000	0.000000
232	-0.028436	0.027221	0.000000	0.000000
233	-0.028355	0.027144	0.000000	0.000000
234	-0.028275	0.027068	0.000000	0.000000
235	-0.028194	0.026991	0.000000	0.000000
236	-0.028114	0.026914	0.000000	0.000000
237	-0.028034	0.026837	0.000000	0.000000
238	-0.027953	0.026760	0.000000	0.000000
239	-0.027873	0.026683	0.000000	0.000000
240	-0.027792	0.026606	0.000000	0.000000
241	-0.027710	0.026527	0.000000	0.000000
242	-0.027627	0.026448	0.000000	0.000000
243	-0.027545	0.026369	0.000000	0.000000
244	-0.027462	0.026290	0.000000	0.000000
245	-0.027380	0.026212	0.000000	0.000000
246	-0.027297	0.026133	0.000000	0.000000
247	-0.027215	0.026054	0.000000	0.000000
248	-0.027132	0.025975	0.000000	0.000000
249	-0.027050	0.025896	0.000000	0.000000
250	-0.026967	0.025817	0.000000	0.000000
251	-0.026882	0.025735	0.000000	0.000000
252	-0.026796	0.025654	0.000000	0.000000
253	-0.026710	0.025572	0.000000	0.000000
254	-0.026624	0.025490	0.000000	0.000000
255	-0.026539	0.025408	0.000000	0.000000
256	-0.026453	0.025326	0.000000	0.000000
257	-0.026367	0.025244	0.000000	0.000000
258	-0.026282	0.025162	0.000000	0.000000
259	-0.026196	0.025080	0.000000	0.000000
260	-0.026110	0.024999	0.000000	0.000000
261	-0.026021	0.024914	0.000000	0.000000
262	-0.025932	0.024829	0.000000	0.000000
263	-0.025843	0.024744	0.000000	0.000000
264	-0.025754	0.024659	0.000000	0.000000
265	-0.025666	0.024574	0.000000	0.000000
266	-0.025577	0.024489	0.000000	0.000000
267	-0.025488	0.024405	0.000000	0.000000
268	-0.025399	0.024320	0.000000	0.000000
269	-0.025310	0.024235	0.000000	0.000000
270	-0.025221	0.024150	0.000000	0.000000
271	-0.025131	0.024064	0.000000	0.000000
272	-0.025041	0.023978	0.000000	0.000000
273	-0.024951	0.023892	0.000000	0.000000
274	-0.024861	0.023806	0.000000	0.000000
275	-0.024771	0.023721	0.000000	0.000000
276	-0.024681	0.023635	0.000000	0.000000
277	-0.024591	0.023549	0.000000	0.000000
278	-0.024501	0.023463	0.000000	0.000000
279	-0.024411	0.023377	0.000000	0.000000
280	-0.024321	0.023291	0.000000	0.000000
281	-0.024228	0.023202	0.000000	0.000000
282	-0.024134	0.023114	0.000000	0.000000
283	-0.024041	0.023025	0.000000	0.000000
284	-0.023948	0.022936	0.000000	0.000000
285	-0.023854	0.022847	0.000000	0.000000
286	-0.023761	0.022758	0.000000	0.000000
287	-0.023668	0.022669	0.000000	0.000000
288	-0.023575	0.022580	0.000000	0.000000
289	-0.023481	0.022491	0.000000	0.000000
290	-0.023388	0.022402	0.000000	0.000000
291	-0.023293	0.022311	0.000000	0.000000
292	-0.023197	0.022220	0.000000	0.000000
293	-0.023102	0.022129	0.000000	0.000000
294	-0.023007	0.022038	0.000000	0.000000
295	-0.022911	0.021947	0.000000	0.000000
296	-0.022816	0.021856	0.000000	0.000000
297	-0.022720	0.021766	0.000000	0.000000
298	-0.022625	0.021675	0.000000	0.000000
299	-0.022529	0.021584	0.000000	0.000000
300	-0.022434	0.021493	0.000000	0.000000
301	-0.022336	0.021400	0.000000	0.000000
302	-0.022239	0.021307	0.000000	0.000000
303	-0.022141	0.021214	0.000000	0.000000
304	-0.022044	0.021121	0.000000	0.000000
305	-0.021946	0.021028	0.000000	0.000000
306	-0.021848	0.020935	0.000000	0.000000
307	-0.021751	0.020841	0.000000	0.000000
308	-0.021653	0.020748	0.000000	0.000000
309	-0.021555	0.020655	0.000000	0.000000
310	-0.021458	0.020562	0.000000	0.000000
311	-0.021358	0.020467	0.000000	0.000000
312	-0.021258	0.020372	0.000000	0.000000
313	-0.021159	0.020277	0.000000	0.000000
314	-0.021059	0.020182	0.000000	0.000000
315	-0.020959	0.020087	0.000000	0.000000
316	-0.020859	0.019992	0.000000	0.000000
317	-0.020759	0.019897	0.000000	0.000000
318	-0.020659	0.019802	0.000000	0.000000
319	-0.020560	0.019706	0.000000	0.000000
320	-0.020460	0.019611	0.000000	0.000000
321	-0.020359	0.019515	0.000000	0.000000
322	-0.020258	0.019419	0.000000	0.000000
323	-0.020157	0.019323	0.000000	0.000000
324	-0.020056	0.019227	0.000000	0.000000
325	-0.019955	0.019130	0.000000	0.000000
326	-0.019854	0.019034	0.000000	0.000000
327	-0.019753	0.018938	0.000000	0.000000
328	-0.019652	0.018842	0.000000	0.000000
329	-0.019551	0.018745	0.000000	0.000000
330	-0.019450	0.018649	0.000000	0.000000
331	-0.019346	0.018550	0.000000	0.000000
332	-0.019242	0.018451	0.000000	0.000000
333	-0.019138	0.018351	0.000000	0.000000
334	-0.019034	0.018252	0.000000	0.000000
335	-0.018929	0.018153	0.000000	0.000000
336	-0.018825	0.018053	0.000000	0.000000
337	-0.018721	0.017954	0.000000	0.000000
338	-0.018617	0.017855	0.000000	0.000000
339	-0.018512	0.017755	0.000000	0.000000
340	-0.018408	0.017656	0.000000	0.000000
341	-0.018303	0.017555	0.000000	0.000000
342	-0.018198	0.017455	0.000000	0.000000
343	-0.018092	0.017354	0.000000	0.000000
344	-0.017987	0.017254	0.000000	0.000000
345	-0.017881	0.017153	0.000000	0.000000
346	-0.017776	0.017053	0.000000	0.000000
347	-0.017671	0.016952	0.000000	0.000000
348	-0.017565	0.016852	0.000000	0.000000
349	-0.017460	0.016751	0.000000	0.000000
350	-0.017354	0.016651	0.000000	0.000000
351	-0.017247	0.016548	0.000000	0.000000
352	-0.017139	0.016446	0.000000	0.000000
353	-0.017032	0.016343	0.000000	0.000000
354	-0.016924	0.016241	0.000000	0.000000
355	-0.016817	0.016138	0.000000	0.000000
356	-0.016709	0.016035	0.000000	0.000000
357	-0.016602	0.015933	0.000000	0.000000
358	-0.016495	0.015830	0.000000	0.000000
359	-0.016387	0.015727	0.000000	0.000000
360	-0.016280	0.015624	0.000000	0.000000
361	-0.016172	0.015521	0.000000	0.000000
362	-0.016063	0.015417	0.000000	0.000000
363	-0.015955	0.015313	0.000000	0.000000
364	-0.015846	0.015209	0.000000	0.000000
365	-0.015738	0.015106	0.000000	0.000000
366	-0.015629	0.015002	0.000000	0.000000
367	-0.015521	0.014898	0.000000	0.000000
368	-0.015412	0.014794	0.000000	0.000000
369	-0.015304	0.014690	0.000000	0.000000
370	-0.015195	0.014586	0.000000	0.000000
371	-0.015086	0.014481	0.000000	0.000000
372	-0.014976	0.014376	0.000000	0.000000
373	-0.014866	0.014271	0.000000	0.000000
374	-0.014757	0.014167	0.000000	0.000000
375	-0.014647	0.014062	0.000000	0.000000
376	-0.014537	0.013957	0.000000	0.000000
377	-0.014428	0.013851	0.000000	0.000000
378	-0.014318	0.013746	0.000000	0.000000
379	-0.014208	0.013641	0.000000	0.000000
380	-0.014098	0.013536	0.000000	0.000000
381	-0.013987	0.013429	0.000000	0.000000
382	-0.013875	0.013322	0.000000	0.000000
383	-0.013763	0.013215	0.000000	0.000000
384	-0.013651	0.013108	0.000000	0.000000
385	-0.013539	0.013000	0.000000	0.000000
386	-0.013427	0.012893	0.000000	0.000000
387	-0.013315	0.012786	0.000000	0.000000
388	-0.013203	0.012679	0.000000	0.000000
389	-0.013091	0.012571	0.000000	0.000000
390	-0.012979	0.012464	0.000000	0.000000
391	-0.012866	0.012356	0.000000	0.000000
392	-0.012753	0.012247	0.000000	0.000000
393	-0.012640	0.012139	0.000000	0.000000
394	-0.012526	0.012031	0.000000	0.000000
395	-0.012413	0.011922	0.000000	0.000000
396	-0.012300	0.011814	0.000000	0.000000
397	-0.012187	0.011705	0.000000	0.000000
398	-0.012074	0.011597	0.000000	0.000000
399	-0.011961	0.011488	0.000000	0.000000
400	-0.011847	0.011380	0.000000	0.000000
401	-0.011733	0.011270	0.000000	0.000000
402	-0.011619	0.011161	0.000000	0.000000
403	-0.011504	0.011051	0.000000	0.000000
404	-0.011390	0.010941	0.000000	0.000000
405	-0.011276	0.010832	0.000000	0.000000
406	-0.011161	0.010722	0.000000	0.000000
407	-0.011047	0.010612	0.000000	0.000000
408	-0.010932	0.010503	0.000000	0.000000
409	-0.010818	0.010393	0.000000	0.000000
410	-0.010703	0.010283	0.000000	0.000000
411	-0.010588	0.010172	0.000000	0.000000
412	-0.010472	0.010062	0.000000	0.000000
413	-0.010357	0.009951	0.000000	0.000000
414	-0.010241	0.009840	0.000000	0.000000
415	-0.010125	0.009729	0.000000	0.000000
416	-0.010010	0.009618	0.000000	0.000000
417	-0.009894	0.009507	0.000000	0.000000
418	-0.009778	0.009396	0.000000	0.000000
419	-0.009663	0.009285	0.000000	0.000000
420	-0.009547	0.009174	0.000000	0.000000
421	-0.009430	0.009062	0.000000	0.000000
422	-0.009313	0.008950	0.000000	0.000000
423	-0.009197	0.008838	0.000000	0.000000
424	-0.009080	0.008726	0.000000	0.000000
425	-0.008963	0.008614	0.000000	0.000000
426	-0.008846	0.008502	0.000000	0.000000
427	-0.008729	0.008390	0.000000	0.000000
428	-0.008612	0.008277	0.000000	0.000000
429	-0.008495	0.008165	0.000000	0.000000
430	-0.008378	0.008053	0.000000	0.000000
431	-0.008260	0.007940	0.000000	0.000000
432	-0.008142	0.007826	0.000000	0.000000
433	-0.008024	0.007713	0.000000	0.000000
434	-0.007906	0.007600	0.000000	0.000000
435	-0.007788	0.007486	0.000000	0.000000
436	-0.007669	0.007373	0.000000	0.000000
437	-0.007551	0.007259	0.000000	0.000000
438	-0.007433	0.007146	0.000000	0.000000
439	-0.007315	0.007032	0.000000	0.000000
440	-0.007197	0.006919	0.000000	0.000000
441	-0.007078	0.006805	0.000000	0.000000
442	-0.006960	0.006692	0.000000	0.000000
443	-0.006842	0.006578	0.000000	0.000000
444	-0.006724	0.006465	0.000000	0.000000
445	-0.006605	0.006351	0.000000	0.000000
446	-0.006487	0.006237	0.000000	0.000000
447	-0.006369	0.006124	0.000000	0.000000
448	-0.006250	0.006010	0.000000	0.000000
449	-0.006132	0.005896	0.000000	0.000000
450	-0.006014	0.005783	0.000000	0.000000
451	-0.005894	0.005668	0.000000	0.000000
452	-0.005775	0.005553	0.000000	0.000000
453	-0.005655	0.005438	0.000000	0.000000
454	-0.005536	0.005323	0.000000	0.000000
455	-0.005416	0.005209	0.000000	0.000000
456	-0.005296	0.005094	0.000000	0.000000
457	-0.005177	0.004979	0.000000	0.000000
458	-0.005057	0.004864	0.000000	0.000000
459	-0.004938	0.004749	0.000000	0.000000
460	-0.004818	0.004634	0.000000	0.000000
461	-0.004698	0.004519	0.000000	0.000000
462	-0.004579	0.004404	0.000000	0.000000
463	-0.004459	0.004289	0.000000	0.000000
464	-0.004339	0.004174	0.000000	0.000000
465	-0.004219	0.004059	0.000000	0.000000
466	-0.004100	0.003944	0.000000	0.000000
467	-0.003980	0.003828	0.000000	0.000000
468	-0.003860	0.003713	0.000000	0.000000
469	-0.003740	0.003598	0.000000	0.000000
470	-0.003620	0.003483	0.000000	0.000000
471	-0.003501	0.003368	0.000000	0.000000
472	-0.003381	0.003252	0.000000	0.000000
473	-0.003261	0.003137	0.000000	0.000000
474	-0.003141	0.003022	0.000000	0.000000
475	-0.003021	0.002907	0.000000	0.000000
476	-0.002901	0.002791	0.000000	0.000000
477	-0.002781	0.002676	0.000000	0.000000
478	-0.002661	0.002561	0.000000	0.000000
479	-0.002541	0.002445	0.000000	0.000000
480	-0.002421	0.002330	0.000000	0.000000
481	-0.002300	0.002213	0.000000	0.000000
482	-0.002179	0.002097	0.000000	0.000000
483	-0.002058	0.001980	0.000000	0.000000
484	-0.001937	0.001864	0.000000	0.000000
485	-0.001816	0.001747	0.000000	0.000000
486	-0.001694	0.001630	0.000000	0.000000
487	-0.001573	0.001514	0.000000	0.000000
488	-0.001452	0.001397	0.000000	0.000000
489	-0.001331	0.001280	0.000000	0.000000
490	-0.001209	0.001164	0.000000	0.000000
491	-0.001088	0.001047	0.000000	0.000000
492	-0.000967	0.000930	0.000000	0.000000
493	-0.000846	0.000814	0.000000	0.000000
494	-0.000724	0.000697	0.000000	0.000000
495	-0.000603	0.000580	0.000000	0.000000
496	-0.000482	0.000463	0.000000	0.000000
497	-0.000360	0.000346	0.000000	0.000000
498	-0.000239	0.000230	0.000000	0.000000
499	-0.000117	0.000113	0.000000	0.000000
500	-0.000000	-0.000000	0.000000	0.000000
501	-0.000000	-0.000000	0.000000	0.000000
502	-0.000000	-0.000000	0.000000	0.000000
503	-0.000000	-0.000000	0.000000	0.000000
504	-0.000000	-0.000000	0.000000	0.000000
505	-0.000000	-0.000000	0.000000	0.000000
506	-0.000000	-0.000000	0.000000	0.000000
507	-0.000000	-0.000000	0.000000	0.000000
508	-0.000000	-0.000000	0.000000	0.000000
509	-0.000000	-0.000000	0.000000	0.000000
510	-0.000000	-0.000000	0.000000	0.000000
511	-0.000000	-0.000000	0.000000	0.000000
512	-0.000000	-0.000000	0.000000	0.000000
513	-0.000000	-0.000000	0.000000	0.000000
514	-0.000000	-0.000000	0.000000	0.000000
515	-0.000000	-0.000000	0.000000	0.000000
516	-0.000000	-0.000000	0.000000	0.000000
517	-0.000000	-0.000000	0.000000	0.000000
518	-0.000000	-0.000000	0.000000	0.000000
519	-0.000000	-0.000000	0.000000	0.000000
520	-0.000000	-0.000000	0.000000	0.000000
521	-0.000000	-0.000000	0.000000	0.000000
522	-0.000000	-0.000000	0.000000	0.000000
523	-0.000000	-0.000000	0.000000	0.000000
524	-0.000000	-0.000000	0.000000	0.000000
525	-0.000000	-0.000000	0.000000	0.000000
526	-0.000000	-0.000000	0.000000	0.000000
527	-0.000000	-0.000000	0.000000	0.000000
528	-0.000000	-0.000000	0.000000	0.000000
529	-0.000000	-0.000000	0.000000	0.000000
530	-0.000000	-0.000000	0.000000	0.000000
531	-0.000000	-0.000000	0.000000	0.000000
532	-0.000000	-0.000000	0.000000	0.000000
533	-0.000000	-0.000000	0.000000	0.000000
534	-0.000000	-0.000000	0.000000	0.000000
535	-0.000000	-0.000000	0.000000	0.000000
536	-0.000000	-0.000000	0.000000	0.000000
537	-0.000000	-0.000000	0.000000	0.000000
538	-0.000000	-0.000000	0.000000	0.000000
539	-0.000000	-0.000000	0.000000	0.000000
540	-0.000000	-0.000000	0.000000	0.000000
541	-0.000000	-0.000000	0.000000	0.000000
542	-0.000000	-0.000000	0.000000	0.000000
543	-0.000000	-0.000000	0.000000	0.000000
544	-0.000000	-0.000000	0.000000	0.000000
545	-0.000000	-0.000000	0.000000	0.000000
546	-0.000000	-0.000000	0.000000	0.000000
547	-0.000000	-0.000000	0.000000	0.000000
548	-0.000000	-0.000000	0.000000	0.000000
549	-0.000000	-0.000000	0.000000	0.000000
550	-0.000000	-0.000000	0.000000	0.000000
551	-0.000000	-0.000000	0.000000	0.000000
552	-0.000000	-0.000000	0.000000	0.000000
553	-0.000000	-0.000000	0.000000	0.000000
554	-0.000000	-0.000000	0.000000	0.000000
555	-0.000000	-0.000000	0.000000	0.000000
556	-0.000000	-0.000000	0.000000	0.000000
557	-0.000000	-0.000000	0.000000	0.000000
558	-0.000000	-0.000000	0.000000	0.000000
559	-0.000000	-0.000000	0.000000	0.000000
560	-0.000000	-0.000000	0.000000	0.000000
561	-0.000000	-0.000000	0.000000	0.000000
562	-0.000000	-0.000000	0.000000	0.000000
563	-0.000000	-0.000000	0.000000	0.000000
564	-0.000000	-0.000000	0.000000	0.000000
565	-0.000000	-0.000000	0.000000	0.000000
566	-0.000000	-0.000000	0.000000	0.000000
567	-0.000000	-0.000000	0.000000	0.000000
568	-0.000000	-0.000000	0.000000	0.000000
569	-0.000000	-0.000000	0.000000	0.000000
570	-0.000000	-0.000000	0.000000	0.000000
571	-0.000000	-0.000000	0.000000	0.000000
572	-0.000000	-0.000000	0.000000	0.000000
573	-0.000000	-0.000000	0.000000	0.000000
574	-0.000000	-0.000000	0.000000	0.000000
575	-0.000000	-0.000000	0.000000	0.000000
576	-0.000000	-0.000000	0.000000	0.000000
577	-0.000000	-0.000000	0.000000	0.000000
578	-0.000000	-0.000000	0.000000	0.000000
579	-0.000000	-0.000000	0.000000	0.000000
580	-0.000000	-0.000000	0.000000	0.000000
581	-0.000000	-0.000000	0.000000	0.000000
582	-0.000000	-0.000000	0.000000	0.000000
583	-0.000000	-0.000000	0.000000	0.000000
584	-0.000000	-0.000000	0.000000	0.000000
585	-0.000000	-0.000000	0.000000	0.000000
586	-0.000000	-0.000000	0.000000	0.000000
587	-0.000000	-0.000000	0.000000	0.000000
588	-0.000000	-0.000000	0.000000	0.000000
589	-0.000000	-0.000000	0.000000	0.000000
590	-0.000000	-0.000000	0.000000	0.000000
591	-0.000000	-0.000000	0.000000	0.000000
592	-0.000000	-0.000000	0.000000	0.000000
593	-0.000000	-0.000000	0.000000	0.000000
594	-0.000000	-0.000000	0.000000	0.000000
595	-0.000000	-0.000000	0.000000	0.000000
596	-0.000000	-0.000000	0.000000	0.000000
597	-0.000000	-0.000000	0.000000	0.000000
598	-0.000000	-0.000000	0.000000	0.000000
599	-0.000000	-0.000000	0.000000	0.000000