# Turn	Orbit_Min_x	Orbit_Max_x	Orbit_Min_y	Orbit_Max_y
0	-0.000000	0.000000	0.000000	0.000000
1	-0.029678	0.036739	0.000000	0.000000
2	-0.029676	0.036737	0.000000	0.000000
3	-0.029674	0.036736	0.000000	0.000000
4	-0.029672	0.036734	0.000000	0.000000
5	-0.029670	0.036733	0.000000	0.000000
6	-0.029668	0.036731	0.000000	0.000000
7	-0.029666	0.036729	0.000000	0.000000
8	-0.029664	0.036728	0.000000	0.000000
9	-0.029662	0.036726	0.000000	0.000000
10	-0.029661	0.036725	0.000000	0.000000
11	-0.029656	0.036720	0.000000	0.000000
12	-0.029651	0.036715	0.000000	0.000000
13	-0.029646	0.036710	0.000000	0.000000
14	-0.029642	0.036705	0.000000	0.000000
15	-0.029637	0.036700	0.000000	0.000000
16	-0.029632	0.036695	0.000000	0.000000
17	-0.029627	0.036690	0.000000	0.000000
18	-0.029622	0.036684	0.000000	0.000000
19	-0.029617	0.036679	0.000000	0.000000
20	-0.029612	0.036674	0.000000	0.000000
21	-0.029604	0.036667	0.000000	0.000000
22	-0.029596	0.036659	0.000000	0.000000
23	-0.029588	0.036650	0.000000	0.000000
24	-0.029579	0.036642	0.000000	0.000000
25	-0.029571	0.036634	0.000000	0.000000
26	-0.029562	0.036626	0.000000	0.000000
27	-0.029554	0.036618	0.000000	0.000000
28	-0.029546	0.036610	0.000000	0.000000
29	-0.029537	0.036602	0.000000	0.000000
30	-0.029529	0.036594	0.000000	0.000000
31	-0.029518	0.036583	0.000000	0.000000
32	-0.029506	0.036572	0.000000	0.000000
33	-0.029494	0.036561	0.000000	0.000000
34	-0.029483	0.036549	0.000000	0.000000
35	-0.029471	0.036538	0.000000	0.000000
36	-0.029459	0.036527	0.000000	0.000000
37	-0.029447	0.036516	0.000000	0.000000
38	-0.029435	0.036505	0.000000	0.000000
39	-0.029424	0.036494	0.000000	0.000000
40	-0.029412	0.036483	0.000000	0.000000
41	-0.029398	0.036468	0.000000	0.000000
42	-0.029385	0.036452	0.000000	0.000000
43	-0.029371	0.036436	0.000000	0.000000
44	-0.029357	0.036420	0.000000	0.000000
45	-0.029344	0.036404	0.000000	0.000000
46	-0.029330	0.036388	0.000000	0.000000
47	-0.029316	0.036372	0.000000	0.000000
48	-0.029303	0.036356	0.000000	0.000000
49	-0.029289	0.036340	0.000000	0.000000
50	-0.029275	0.036324	0.000000	0.000000
51	-0.029260	0.036304	0.000000	0.000000
52	-0.029244	0.036284	0.000000	0.000000
53	-0.029228	0.036264	0.000000	0.000000
54	-0.029212	0.036243	0.000000	0.000000
55	-0.029196	0.036223	0.000000	0.000000
56	-0.029180	0.036203	0.000000	0.000000
57	-0.029164	0.036182	0.000000	0.000000
58	-0.029148	0.036162	0.000000	0.000000
59	-0.029132	0.036142	0.000000	0.000000
60	-0.029116	0.036121	0.000000	0.000000
61	-0.029097	0.036100	0.000000	0.000000
62	-0.029076	0.036078	0.000000	0.000000
63	-0.029056	0.036056	0.000000	0.000000
64	-0.029035	0.036034	0.000000	0.000000
65	-0.029015	0.036012	0.000000	0.000000
66	-0.028994	0.035990	0.000000	0.000000
67	-0.028974	0.035968	0.000000	0.000000
68	-0.028953	0.035945	0.000000	0.000000
69	-0.028933	0.035923	0.000000	0.000000
70	-0.028912	0.035901	0.000000	0.000000
71	-0.028890	0.035876	0.000000	0.000000
72	-0.028868	0.035849	0.000000	0.000000
73	-0.028846	0.035822	0.000000	0.000000
74	-0.028824	0.035796	0.000000	0.000000
75	-0.028801	0.035769	0.000000	0.000000
76	-0.028779	0.035743	0.000000	0.000000
77	-0.028757	0.035716	0.000000	0.000000
78	-0.028735	0.035690	0.000000	0.000000
79	-0.028712	0.035663	0.000000	0.000000
80	-0.028690	0.035636	0.000000	0.000000
81	-0.028665	0.035607	0.000000	0.000000
82	-0.028640	0.035577	0.000000	0.000000
83	-0.028614	0.035548	0.000000	0.000000
84	-0.028589	0.035518	0.000000	0.000000
85	-0.028564	0.035488	0.000000	0.000000
86	-0.028538	0.035458	0.000000	0.000000
87	-0.028513	0.035428	0.000000	0.000000
88	-0.028487	0.035398	0.000000	0.000000
89	-0.028462	0.035369	0.000000	0.000000
90	-0.028436	0.035339	0.000000	0.000000
91	-0.028409	0.035306	0.000000	0.000000
92	-0.028380	0.035273	0.000000	0.000000
93	-0.028352	0.035240	0.000000	0.000000
94	-0.028324	0.035207	0.000000	0.000000
95	-0.028295	0.035174	0.000000	0.000000
96	-0.028267	0.035141	0.000000	0.000000
97	-0.028239	0.035108	0.000000	0.000000
98	-0.028210	0.035075	0.000000	0.000000
99	-0.028182	0.035042	0.000000	0.000000
100	-0.028154	0.035009	0.000000	0.000000
101	-0.028122	0.034973	0.000000	0.000000
102	-0.028091	0.034937	0.000000	0.000000
103	-0.028059	0.034901	0.000000	0.000000
104	-0.028027	0.034865	0.000000	0.000000
105	-0.027996	0.034829	0.000000	0.000000
106	-0.027964	0.034793	0.000000	0.000000
107	-0.027932	0.034757	0.000000	0.000000
108	-0.027900	0.034721	0.000000	0.000000
109	-0.027869	0.034685	0.000000	0.000000
110	-0.027837	0.034649	0.000000	0.000000
111	-0.027804	0.034609	0.000000	0.000000
112	-0.027770	0.034568	0.000000	0.000000
113	-0.027737	0.034528	0.000000	0.000000
114	-0.027704	0.034487	0.000000	0.000000
115	-0.027670	0.034447	0.000000	0.000000
116	-0.027637	0.034406	0.000000	0.000000
117	-0.027603	0.034366	0.000000	0.000000
118	-0.027570	0.034325	0.000000	0.000000
119	-0.027536	0.034285	0.000000	0.000000
120	-0.027503	0.034244	0.000000	0.000000
121	-0.027467	0.034201	0.000000	0.000000
122	-0.027431	0.034158	0.000000	0.000000
123	-0.027394	0.034114	0.000000	0.000000
124	-0.027358	0.034071	0.000000	0.000000
125	-0.027321	0.034027	0.000000	0.000000
126	-0.027285	0.033984	0.000000	0.000000
127	-0.027248	0.033940	0.000000	0.000000
128	-0.027212	0.033897	0.000000	0.000000
129	-0.027175	0.033853	0.000000	0.000000
130	-0.027139	0.033810	0.000000	0.000000
131	-0.027100	0.033763	0.000000	0.000000
132	-0.027060	0.033717	0.000000	0.000000
133	-0.027021	0.033670	0.000000	0.000000
134	-0.026982	0.033624	0.000000	0.000000
135	-0.026942	0.033577	0.000000	0.000000
136	-0.026903	0.033530	0.000000	0.000000
137	-0.026864	0.033484	0.000000	0.000000
138	-0.026824	0.033437	0.000000	0.000000
139	-0.026785	0.033390	0.000000	0.000000
140	-0.026746	0.033344	0.000000	0.000000
141	-0.026704	0.033294	0.000000	0.000000
142	-0.026662	0.033245	0.000000	0.000000
143	-0.026620	0.033195	0.000000	0.000000
144	-0.026578	0.033145	0.000000	0.000000
145	-0.026536	0.033095	0.000000	0.000000
146	-0.026495	0.033046	0.000000	0.000000
147	-0.026453	0.032996	0.000000	0.000000
148	-0.026411	0.032946	0.000000	0.000000
149	-0.026369	0.032896	0.000000	0.000000
150	-0.026327	0.032847	0.000000	0.000000
151	-0.026283	0.032794	0.000000	0.000000
152	-0.026238	0.032742	0.000000	0.000000
153	-0.026193	0.032689	0.000000	0.000000
154	-0.026148	0.032636	0.000000	0.000000
155	-0.026103	0.032584	0.000000	0.000000
156	-0.026058	0.032531	0.000000	0.000000
157	-0.026013	0.032478	0.000000	0.000000
158	-0.025968	0.032426	0.000000	0.000000
159	-0.025923	0.032373	0.000000	0.000000
160	-0.025878	0.032320	0.000000	0.000000
161	-0.025832	0.032264	0.000000	0.000000
162	-0.025785	0.032207	0.000000	0.000000
163	-0.025738	0.032150	0.000000	0.000000
164	-0.025691	0.032093	0.000000	0.000000
165	-0.025644	0.032036	0.000000	0.000000
166	-0.025597	0.031980	0.000000	0.000000
167	-0.025551	0.031923	0.000000	0.000000
168	-0.025504	0.031866	0.000000	0.000000
169	-0.025457	0.031809	0.000000	0.000000
170	-0.025410	0.031752	0.000000	0.000000
171	-0.025360	0.031694	0.000000	0.000000
172	-0.025310	0.031635	0.000000	0.000000
173	-0.025260	0.031576	0.000000	0.000000
174	-0.025210	0.031518	0.000000	0.000000
175	-0.025160	0.031459	0.000000	0.000000
176	-0.025109	0.031401	0.000000	0.000000
177	-0.025059	0.031342	0.000000	0.000000
178	-0.025009	0.031284	0.000000	0.000000
179	-0.024959	0.031225	0.000000	0.000000
180	-0.024909	0.031166	0.000000	0.000000
181	-0.024859	0.031102	0.000000	0.000000
182	-0.024808	0.031037	0.000000	0.000000
183	-0.024758	0.030972	0.000000	0.000000
184	-0.024708	0.030907	0.000000	0.000000
185	-0.024658	0.030842	0.000000	0.000000
186	-0.024608	0.030777	0.000000	0.000000
187	-0.024558	0.030712	0.000000	0.000000
188	-0.024508	0.030647	0.000000	0.000000
189	-0.024458	0.030581	0.000000	0.000000
190	-0.024408	0.030516	0.000000	0.000000
191	-0.024353	0.030452	0.000000	0.000000
192	-0.024298	0.030387	0.000000	0.000000
193	-0.024243	0.030322	0.000000	0.000000
194	-0.024189	0.030258	0.000000	0.000000
195	-0.024134	0.030193	0.000000	0.000000
196	-0.024079	0.030129	0.000000	0.000000
197	-0.024024	0.030064	0.000000	0.000000
198	-0.023969	0.029999	0.000000	0.000000
199	-0.023914	0.029935	0.000000	0.000000
200	-0.023859	0.029870	0.000000	0.000000
201	-0.023803	0.029802	0.000000	0.000000
202	-0.023746	0.029733	0.000000	0.000000
203	-0.023689	0.029664	0.000000	0.000000
204	-0.023632	0.029595	0.000000	0.000000
205	-0.023575	0.029527	0.000000	0.000000
206	-0.023519	0.029458	0.000000	0.000000
207	-0.023462	0.029389	0.000000	0.000000
208	-0.023405	0.029320	0.000000	0.000000
209	-0.023348	0.029251	0.000000	0.000000
210	-0.023292	0.029183	0.000000	0.000000
211	-0.023233	0.029112	0.000000	0.000000
212	-0.023173	0.029041	0.000000	0.000000
213	-0.023114	0.028970	0.000000	0.000000
214	-0.023055	0.028899	0.000000	0.000000
215	-0.022996	0.028828	0.000000	0.000000
216	-0.022937	0.028757	0.000000	0.000000
217	-0.022877	0.028686	0.000000	0.000000
218	-0.022818	0.028615	0.000000	0.000000
219	-0.022759	0.028543	0.000000	0.000000
220	-0.022700	0.028472	0.000000	0.000000
221	-0.022639	0.028398	0.000000	0.000000
222	-0.022578	0.028324	0.000000	0.000000
223	-0.022517	0.028249	0.000000	0.000000
224	-0.022456	0.028175	0.000000	0.000000
225	-0.022395	0.028100	0.000000	0.000000
226	-0.022335	0.028026	0.000000	0.000000
227	-0.022274	0.027951	0.000000	0.000000
228	-0.022213	0.027877	0.000000	0.000000
229	-0.022152	0.027802	0.000000	0.000000
230	-0.022091	0.027728	0.000000	0.000000
231	-0.022028	0.027650	0.000000	0.000000
232	-0.021965	0.027573	0.000000	0.000000
233	-0.021902	0.027495	0.000000	0.000000
234	-0.021839	0.027418	0.000000	0.000000
235	-0.021776	0.027340	0.000000	0.000000
236	-0.021713	0.027263	0.000000	0.000000
237	-0.021650	0.027185	0.000000	0.000000
238	-0.021587	0.027108	0.000000	0.000000
239	-0.021524	0.027030	0.000000	0.000000
240	-0.021461	0.026953	0.000000	0.000000
241	-0.021396	0.026873	0.000000	0.000000
242	-0.021331	0.026793	0.000000	0.000000
243	-0.021266	0.026713	0.000000	0.000000
244	-0.021200	0.026633	0.000000	0.000000
245	-0.021135	0.026553	0.000000	0.000000
246	-0.021070	0.026473	0.000000	0.000000
247	-0.021005	0.026392	0.000000	0.000000
248	-0.020940	0.026312	0.000000	0.000000
249	-0.020875	0.026232	0.000000	0.000000
250	-0.020810	0.026152	0.000000	0.000000
251	-0.020743	0.026070	0.000000	0.000000
252	-0.020676	0.025987	0.000000	0.000000
253	-0.020608	0.025905	0.000000	0.000000
254	-0.020541	0.025822	0.000000	0.000000
255	-0.020474	0.025739	0.000000	0.000000
256	-0.020407	0.025657	0.000000	0.000000
257	-0.020339	0.025574	0.000000	0.000000
258	-0.020272	0.025492	0.000000	0.000000
259	-0.020205	0.025409	0.000000	0.000000
260	-0.020138	0.025326	0.000000	0.000000
261	-0.020069	0.025242	0.000000	0.000000
262	-0.020000	0.025157	0.000000	0.000000
263	-0.019930	0.025072	0.000000	0.000000
264	-0.019861	0.024987	0.000000	0.000000
265	-0.019792	0.024902	0.000000	0.000000
266	-0.019722	0.024817	0.000000	0.000000
267	-0.019653	0.024732	0.000000	0.000000
268	-0.019584	0.024647	0.000000	0.000000
269	-0.019515	0.024562	0.000000	0.000000
270	-0.019445	0.024477	0.000000	0.000000
271	-0.019375	0.024389	0.000000	0.000000
272	-0.019304	0.024302	0.000000	0.000000
273	-0.019233	0.024214	0.000000	0.000000
274	-0.019162	0.024126	0.000000	0.000000
275	-0.019091	0.024038	0.000000	0.000000
276	-0.019020	0.023950	0.000000	0.000000
277	-0.018950	0.023862	0.000000	0.000000
278	-0.018879	0.023775	0.000000	0.000000
279	-0.018808	0.023687	0.000000	0.000000
280	-0.018737	0.023599	0.000000	0.000000
281	-0.018664	0.023509	0.000000	0.000000
282	-0.018592	0.023419	0.000000	0.000000
283	-0.018519	0.023330	0.000000	0.000000
284	-0.018446	0.023240	0.000000	0.000000
285	-0.018373	0.023150	0.000000	0.000000
286	-0.018300	0.023060	0.000000	0.000000
287	-0.018227	0.022970	0.000000	0.000000
288	-0.018154	0.022880	0.000000	0.000000
289	-0.018082	0.022790	0.000000	0.000000
290	-0.018009	0.022700	0.000000	0.000000
291	-0.017934	0.022608	0.000000	0.000000
292	-0.017859	0.022516	0.000000	0.000000
293	-0.017785	0.022424	0.000000	0.000000
294	-0.017710	0.022332	0.000000	0.000000
295	-0.017635	0.022240	0.000000	0.000000
296	-0.017560	0.022148	0.000000	0.000000
297	-0.017486	0.022056	0.000000	0.000000
298	-0.017411	0.021964	0.000000	0.000000
299	-0.017336	0.021872	0.000000	0.000000
300	-0.017261	0.021780	0.000000	0.000000
301	-0.017186	0.021685	0.000000	0.000000
302	-0.017110	0.021591	0.000000	0.000000
303	-0.017034	0.021496	0.000000	0.000000
304	-0.016958	0.021401	0.000000	0.000000
305	-0.016882	0.021306	0.000000	0.000000
306	-0.016806	0.021211	0.000000	0.000000
307	-0.016730	0.021117	0.000000	0.000000
308	-0.016654	0.021022	0.000000	0.000000
309	-0.016578	0.020927	0.000000	0.000000
310	-0.016502	0.020832	0.000000	0.000000
311	-0.016425	0.020736	0.000000	0.000000
312	-0.016347	0.020639	0.000000	0.000000
313	-0.016269	0.020543	0.000000	0.000000
314	-0.016191	0.020446	0.000000	0.000000
315	-0.016114	0.020350	0.000000	0.000000
316	-0.016036	0.020253	0.000000	0.000000
317	-0.015958	0.020157	0.000000	0.000000
318	-0.015880	0.020060	0.000000	0.000000
319	-0.015803	0.019963	0.000000	0.000000
320	-0.015725	0.019867	0.000000	0.000000
321	-0.015646	0.019768	0.000000	0.000000
322	-0.015567	0.019669	0.000000	0.000000
323	-0.015488	0.019570	0.000000	0.000000
324	-0.015409	0.019471	0.000000	0.000000
325	-0.015330	0.019372	0.000000	0.000000
326	-0.015251	0.019273	0.000000	0.000000
327	-0.015173	0.019174	0.000000	0.000000
328	-0.015094	0.019075	0.000000	0.000000
329	-0.015015	0.018976	0.000000	0.000000
330	-0.014936	0.018877	0.000000	0.000000
331	-0.014855	0.018776	0.000000	0.000000
332	-0.014775	0.018676	0.000000	0.000000
333	-0.014694	0.018575	0.000000	0.000000
334	-0.014613	0.018475	0.000000	0.000000
335	-0.014532	0.018374	0.000000	0.000000
336	-0.014451	0.018274	0.000000	0.000000
337	-0.014371	0.018174	0.000000	0.000000
338	-0.014290	0.018073	0.000000	0.000000
339	-0.014209	0.017973	0.000000	0.000000
340	-0.014129	0.017872	0.000000	0.000000
341	-0.014047	0.017770	0.000000	0.000000
342	-0.013965	0.017667	0.000000	0.000000
343	-0.013883	0.017565	0.000000	0.000000
344	-0.013801	0.017462	0.000000	0.000000
345	-0.013719	0.017360	0.000000	0.000000
346	-0.013638	0.017258	0.000000	0.000000
347	-0.013556	0.017155	0.000000	0.000000
348	-0.013474	0.017053	0.000000	0.000000
349	-0.013392	0.016950	0.000000	0.000000
350	-0.013310	0.016848	0.000000	0.000000
351	-0.013227	0.016743	0.000000	0.000000
352	-0.013144	0.016639	0.000000	0.000000
353	-0.013061	0.016535	0.000000	0.000000
354	-0.012978	0.016430	0.000000	0.000000
355	-0.012895	0.016326	0.000000	0.000000
356	-0.012812	0.016221	0.000000	0.000000
357	-0.012729	0.016117	0.000000	0.000000
358	-0.012646	0.016012	0.000000	0.000000
359	-0.012563	0.015908	0.000000	0.000000
360	-0.012480	0.015804	0.000000	0.000000
361	-0.012396	0.015698	0.000000	0.000000
362	-0.012311	0.015593	0.000000	0.000000
363	-0.012226	0.015488	0.000000	0.000000
364	-0.012141	0.015383	0.000000	0.000000
365	-0.012056	0.015277	0.000000	0.000000
366	-0.011972	0.015172	0.000000	0.000000
367	-0.011887	0.015067	0.000000	0.000000
368	-0.011802	0.014962	0.000000	0.000000
369	-0.011717	0.014856	0.000000	0.000000
370	-0.011633	0.014751	0.000000	0.000000
371	-0.011548	0.014643	0.000000	0.000000
372	-0.011463	0.014535	0.000000	0.000000
373	-0.011378	0.014428	0.000000	0.000000
374	-0.011293	0.014320	0.000000	0.000000
375	-0.011208	0.014212	0.000000	0.000000
376	-0.011123	0.014104	0.000000	0.000000
377	-0.011038	0.013996	0.000000	0.000000
378	-0.010953	0.013888	0.000000	0.000000
379	-0.010868	0.013781	0.000000	0.000000
380	-0.010783	0.013673	0.000000	0.000000
381	-0.010696	0.013564	0.000000	0.000000
382	-0.010610	0.013454	0.000000	0.000000
383	-0.010524	0.013345	0.000000	0.000000
384	-0.010438	0.013236	0.000000	0.000000
385	-0.010352	0.013127	0.000000	0.000000
386	-0.010266	0.013018	0.000000	0.000000
387	-0.010180	0.012909	0.000000	0.000000
388	-0.010094	0.012799	0.000000	0.000000
389	-0.010008	0.012690	0.000000	0.000000
390	-0.009922	0.012581	0.000000	0.000000
391	-0.009834	0.012471	0.000000	0.000000
392	-0.009746	0.012362	0.000000	0.000000
393	-0.009658	0.012252	0.000000	0.000000
394	-0.009570	0.012143	0.000000	0.000000
395	-0.009483	0.012033	0.000000	0.000000
396	-0.009395	0.011924	0.000000	0.000000
397	-0.009307	0.011814	0.000000	0.000000
398	-0.009219	0.011705	0.000000	0.000000
399	-0.009132	0.011595	0.000000	0.000000
400	-0.009044	0.011485	0.000000	0.000000
401	-0.008956	0.011374	0.000000	0.000000
402	-0.008868	0.011263	0.000000	0.000000
403	-0.008780	0.011151	0.000000	0.000000
404	-0.008692	0.011040	0.000000	0.000000
405	-0.008604	0.010928	0.000000	0.000000
406	-0.008516	0.010817	0.000000	0.000000
407	-0.008427	0.010706	0.000000	0.000000
408	-0.008339	0.010594	0.000000	0.000000
409	-0.008251	0.010483	0.000000	0.000000
410	-0.008163	0.010371	0.000000	0.000000
411	-0.008075	0.010259	0.000000	0.000000
412	-0.007986	0.010146	0.000000	0.000000
413	-0.007897	0.010033	0.000000	0.000000
414	-0.007809	0.009920	0.000000	0.000000
415	-0.007720	0.009808	0.000000	0.000000
416	-0.007631	0.009695	0.000000	0.000000
417	-0.007543	0.009582	0.000000	0.000000
418	-0.007454	0.009469	0.000000	0.000000
419	-0.007365	0.009357	0.000000	0.000000
420	-0.007277	0.009244	0.000000	0.000000
421	-0.007187	0.009131	0.000000	0.000000
422	-0.007097	0.009018	0.000000	0.000000
423	-0.007007	0.008905	0.000000	0.000000
424	-0.006917	0.008792	0.000000	0.000000
425	-0.006827	0.008679	0.000000	0.000000
426	-0.006738	0.008566	0.000000	0.000000
427	-0.006648	0.008453	0.000000	0.000000
428	-0.006558	0.008340	0.000000	0.000000
429	-0.006468	0.008227	0.000000	0.000000
430	-0.006378	0.008114	0.000000	0.000000
431	-0.006288	0.008000	0.000000	0.000000
432	-0.006198	0.007886	0.000000	0.000000
433	-0.006107	0.007772	0.000000	0.000000
434	-0.006017	0.007658	0.000000	0.000000
435	-0.005927	0.007544	0.000000	0.000000
436	-0.005837	0.007430	0.000000	0.000000
437	-0.005746	0.007316	0.000000	0.000000
438	-0.005656	0.007202	0.000000	0.000000
439	-0.005566	0.007088	0.000000	0.000000
440	-0.005476	0.006973	0.000000	0.000000
441	-0.005385	0.006858	0.000000	0.000000
442	-0.005295	0.006743	0.000000	0.000000
443	-0.005204	0.006628	0.000000	0.000000
444	-0.005114	0.006513	0.000000	0.000000
445	-0.005023	0.006397	0.000000	0.000000
446	-0.004933	0.006282	0.000000	0.000000
447	-0.004842	0.006167	0.000000	0.000000
448	-0.004752	0.006052	0.000000	0.000000
449	-0.004661	0.005936	0.000000	0.000000
450	-0.004571	0.005821	0.000000	0.000000
451	-0.004480	0.005706	0.000000	0.000000
452	-0.004389	0.005590	0.000000	0.000000
453	-0.004297	0.005474	0.000000	0.000000
454	-0.004206	0.005359	0.000000	0.000000
455	-0.004115	0.005243	0.000000	0.000000
456	-0.004024	0.005128	0.000000	0.000000
457	-0.003933	0.005012	0.000000	0.000000
458	-0.003842	0.004896	0.000000	0.000000
459	-0.003751	0.004781	0.000000	0.000000
460	-0.003660	0.004665	0.000000	0.000000
461	-0.003569	0.004549	0.000000	0.000000
462	-0.003477	0.004432	0.000000	0.000000
463	-0.003386	0.004316	0.000000	0.000000
464	-0.003295	0.004200	0.000000	0.000000
465	-0.003204	0.004084	0.000000	0.000000
466	-0.003112	0.003967	0.000000	0.000000
467	-0.003021	0.003851	0.000000	0.000000
468	-0.002930	0.003735	0.000000	0.000000
469	-0.002838	0.003618	0.000000	0.000000
470	-0.002747	0.003502	0.000000	0.000000
471	-0.002656	0.003385	0.000000	0.000000
472	-0.002564	0.003268	0.000000	0.000000
473	-0.002473	0.003151	0.000000	0.000000
474	-0.002382	0.003035	0.000000	0.000000
475	-0.002290	0.002918	0.000000	0.000000
476	-0.002199	0.002801	0.000000	0.000000
477	-0.002108	0.002684	0.000000	0.000000
478	-0.002016	0.002567	0.000000	0.000000
479	-0.001925	0.002450	0.000000	0.000000
480	-0.001834	0.002333	0.000000	0.000000
481	-0.001742	0.002217	0.000000	0.000000
482	-0.001650	0.002100	0.000000	0.000000
483	-0.001558	0.001984	0.000000	0.000000
484	-0.001466	0.001867	0.000000	0.000000
485	-0.001374	0.001751	0.000000	0.000000
486	-0.001282	0.001634	0.000000	0.000000
487	-0.001190	0.001518	0.000000	0.000000
488	-0.001098	0.001401	0.000000	0.000000
489	-0.001006	0.001285	0.000000	0.000000
490	-0.000914	0.001168	0.000000	0.000000
491	-0.000822	0.001051	0.000000	0.000000
492	-0.000731	0.000934	0.000000	0.000000
493	-0.000639	0.000816	0.000000	0.000000
494	-0.000547	0.000699	0.000000	0.000000
495	-0.000456	0.000582	0.000000	0.000000
496	-0.000364	0.000464	0.000000	0.000000
497	-0.000273	0.000347	0.000000	0.000000
498	-0.000181	0.000230	0.000000	0.000000
499	-0.000089	0.000112	0.000000	0.000000
500	-0.000000	-0.000000	0.000000	0.000000
501	-0.000000	-0.000000	0.000000	0.000000
502	-0.000000	-0.000000	0.000000	0.000000
503	-0.000000	-0.000000	0.000000	0.000000
504	-0.000000	-0.000000	0.000000	0.000000
505	-0.000000	-0.000000	0.000000	0.000000
506	-0.000000	-0.000000	0.000000	0.000000
507	-0.000000	-0.000000	0.000000	0.000000
508	-0.000000	-0.000000	0.000000	0.000000
509	-0.000000	-0.000000	0.000000	0.000000
510	-0.000000	-0.000000	0.000000	0.000000
511	-0.000000	-0.000000	0.000000	0.000000
512	-0.000000	-0.000000	0.000000	0.000000
513	-0.000000	-0.000000	0.000000	0.000000
514	-0.000000	-0.000000	0.000000	0.000000
515	-0.000000	-0.000000	0.000000	0.000000
516	-0.000000	-0.000000	0.000000	0.000000
517	-0.000000	-0.000000	0.000000	0.000000
518	-0.000000	-0.000000	0.000000	0.000000
519	-0.000000	-0.000000	0.000000	0.000000
520	-0.000000	-0.000000	0.000000	0.000000
521	-0.000000	-0.000000	0.000000	0.000000
522	-0.000000	-0.000000	0.000000	0.000000
523	-0.000000	-0.000000	0.000000	0.000000
524	-0.000000	-0.000000	0.000000	0.000000
525	-0.000000	-0.000000	0.000000	0.000000
526	-0.000000	-0.000000	0.000000	0.000000
527	-0.000000	-0.000000	0.000000	0.000000
528	-0.000000	-0.000000	0.000000	0.000000
529	-0.000000	-0.000000	0.000000	0.000000
530	-0.000000	-0.000000	0.000000	0.000000
531	-0.000000	-0.000000	0.000000	0.000000
532	-0.000000	-0.000000	0.000000	0.000000
533	-0.000000	-0.000000	0.000000	0.000000
534	-0.000000	-0.000000	0.000000	0.000000
535	-0.000000	-0.000000	0.000000	0.000000
536	-0.000000	-0.000000	0.000000	0.000000
537	-0.000000	-0.000000	0.000000	0.000000
538	-0.000000	-0.000000	0.000000	0.000000
539	-0.000000	-0.000000	0.000000	0.000000
540	-0.000000	-0.000000	0.000000	0.000000
541	-0.000000	-0.000000	0.000000	0.000000
542	-0.000000	-0.000000	0.000000	0.000000
543	-0.000000	-0.000000	0.000000	0.000000
544	-0.000000	-0.000000	0.000000	0.000000
545	-0.000000	-0.000000	0.000000	0.000000
546	-0.000000	-0.000000	0.000000	0.000000
547	-0.000000	-0.000000	0.000000	0.000000
548	-0.000000	-0.000000	0.000000	0.000000
549	-0.000000	-0.000000	0.000000	0.000000
550	-0.000000	-0.000000	0.000000	0.000000
551	-0.000000	-0.000000	0.000000	0.000000
552	-0.000000	-0.000000	0.000000	0.000000
553	-0.000000	-0.000000	0.000000	0.000000
554	-0.000000	-0.000000	0.000000	0.000000
555	-0.000000	-0.000000	0.000000	0.000000
556	-0.000000	-0.000000	0.000000	0.000000
557	-0.000000	-0.000000	0.000000	0.000000
558	-0.000000	-0.000000	0.000000	0.000000
559	-0.000000	-0.000000	0.000000	0.000000
560	-0.000000	-0.000000	0.000000	0.000000
561	-0.000000	-0.000000	0.000000	0.000000
562	-0.000000	-0.000000	0.000000	0.000000
563	-0.000000	-0.000000	0.000000	0.000000
564	-0.000000	-0.000000	0.000000	0.000000
565	-0.000000	-0.000000	0.000000	0.000000
566	-0.000000	-0.000000	0.000000	0.000000
567	-0.000000	-0.000000	0.000000	0.000000
568	-0.000000	-0.000000	0.000000	0.000000
569	-0.000000	-0.000000	0.000000	0.000000
570	-0.000000	-0.000000	0.000000	0.000000
571	-0.000000	-0.000000	0.000000	0.000000
572	-0.000000	-0.000000	0.000000	0.000000
573	-0.000000	-0.000000	0.000000	0.000000
574	-0.000000	-0.000000	0.000000	0.000000
575	-0.000000	-0.000000	0.000000	0.000000
576	-0.000000	-0.000000	0.000000	0.000000
577	-0.000000	-0.000000	0.000000	0.000000
578	-0.000000	-0.000000	0.000000	0.000000
579	-0.000000	-0.000000	0.000000	0.000000
580	-0.000000	-0.000000	0.000000	0.000000
581	-0.000000	-0.000000	0.000000	0.000000
582	-0.000000	-0.000000	0.000000	0.000000
583	-0.000000	-0.000000	0.000000	0.000000
584	-0.000000	-0.000000	0.000000	0.000000
585	-0.000000	-0.000000	0.000000	0.000000
586	-0.000000	-0.000000	0.000000	0.000000
587	-0.000000	-0.000000	0.000000	0.000000
588	-0.000000	-0.000000	0.000000	0.000000
589	-0.000000	-0.000000	0.000000	0.000000
590	-0.000000	-0.000000	0.000000	0.000000
591	-0.000000	-0.000000	0.000000	0.000000
592	-0.000000	-0.000000	0.000000	0.000000
593	-0.000000	-0.000000	0.000000	0.000000
594	-0.000000	-0.000000	0.000000	0.000000
595	-0.000000	-0.000000	0.000000	0.000000
596	-0.000000	-0.000000	0.000000	0.000000
597	-0.000000	-0.000000	0.000000	0.000000
598	-0.000000	-0.000000	0.000000	0.000000
599	-0.000000	-0.000000	0.000000	0.000000