
 etall    1, NO =    4, NV =    5, INA =   15
 *********************************************

    I  COEFFICIENT          ORDER   EXPONENTS
     1  -0.4263153584381E-13    0     0 0  0 0  0
 -4.263153584380727E-014
     2   0.2412590364359        1     1 0  0 0  0
  0.241259036435943     
     3    12.32443784860        1     0 1  0 0  0
   12.3244378485965     
     4    1.762684302936        1     0 0  0 0  1
   1.76268430293604     
     5  -0.2819514081102        2     2 0  0 0  0
 -0.281951408110248     
     6   -1.650791580288        2     1 1  0 0  0
  -1.65079158028784     
     7   -21.48872131636        2     0 2  0 0  0
  -21.4887213163596     
     8  -0.8006617260876E-01    2     0 0  2 0  0
 -8.006617260875905E-002
     9   -1.525415702649        2     0 0  1 1  0
  -1.52541570264906     
    10   -3.367444684978        2     1 0  0 0  1
  -3.36744468497766     
    11    5.271495057365        2     0 1  0 0  1
   5.27149505736496     
    12   -7.983899671786        2     0 0  0 2  0
  -7.98389967178609     
    13    9.312079244714        2     0 0  0 0  2
   9.31207924471432     
    14   -15.16376944334        3     3 0  0 0  0
  -15.1637694433435     
    15    36.07370859962        3     2 1  0 0  0
   36.0737085996190     
    16   -2502.183080132        3     1 2  0 0  0
  -2502.18308013188     
    17    7542.185966135        3     0 3  0 0  0
   7542.18596613479     
    18   -1.029948975569        3     1 0  2 0  0
  -1.02994897556882     
    19    5.224868245460        3     0 1  2 0  0
   5.22486824545997     
    20   -7.368750705545        3     1 0  1 1  0
  -7.36875070554509     
    21   -296.5834081840        3     0 1  1 1  0
  -296.583408184037     
    22    100.0340972238        3     2 0  0 0  1
   100.034097223780     
    23   -207.8850476452        3     1 1  0 0  1
  -207.885047645170     
    24    5387.764892440        3     0 2  0 0  1
   5387.76489243979     
    25    1.246289753679        3     0 0  2 0  1
   1.24628975367891     
    26   -39.65169362220        3     1 0  0 2  0
  -39.6516936222027     
    27   -426.8066952546        3     0 1  0 2  0
  -426.806695254568     
    28    63.01762824067        3     0 0  1 1  1
   63.0176282406684     
    29   -586.9918829906        3     1 0  0 0  2
  -586.991882990628     
    30    1190.968545786        3     0 1  0 0  2
   1190.96854578647     
    31    391.7024088135        3     0 0  0 2  1
   391.702408813502     
    32    1003.696313973        3     0 0  0 0  3
   1003.69631397345     
    33   -9.537257610042        4     4 0  0 0  0
  -9.53725761004245     
    34   -80.46198220436        4     3 1  0 0  0
  -80.4619822043634     
    35   -1316.841246089        4     2 2  0 0  0
  -1316.84124608910     
    36   -10093.26006249        4     1 3  0 0  0
  -10093.2600624907     
    37   -82935.28601936        4     0 4  0 0  0
  -82935.2860193589     
    38   -1.154618088850        4     2 0  2 0  0
  -1.15461808885002     
    39   -2.894148803083        4     1 1  2 0  0
  -2.89414880308286     
    40   -78.64601333866        4     0 2  2 0  0
  -78.6460133386636     
    41  -0.6044400144405        4     0 0  4 0  0
 -0.604440014440465     
    42   -33.91663357775        4     2 0  1 1  0
  -33.9166335777483     
    43    155.9758904564        4     1 1  1 1  0
   155.975890456419     
    44   -2073.155801474        4     0 2  1 1  0
  -2073.15580147354     
    45    26.59726241495        4     0 0  3 1  0
   26.5972624149500     
    46    169.6806279701        4     3 0  0 0  1
   169.680627970133     
    47   -729.9640421457        4     2 1  0 0  1
  -729.964042145721     
    48    24205.16384263        4     1 2  0 0  1
   24205.1638426285     
    49   -202773.5553015        4     0 3  0 0  1
  -202773.555301491     
    50    15.75647990363        4     1 0  2 0  1
   15.7564799036296     
    51   -193.0956419017        4     0 1  2 0  1
  -193.095641901725     
    52   -2351.362187026        4     2 0  0 2  0
  -2351.36218702602     
    53    51.31430759878        4     1 1  0 2  0
   51.3143075987817     
    54   -146357.0750678        4     0 2  0 2  0
  -146357.075067816     
    55    36.81035873521        4     0 0  2 2  0
   36.8103587352085     
    56    495.2606433353        4     1 0  1 1  1
   495.260643335270     
    57   -4818.272268293        4     0 1  1 1  1
  -4818.27226829335     
    58   -1011.840973731        4     2 0  0 0  2
  -1011.84097373132     
    59    2639.476715552        4     1 1  0 0  2
   2639.47671555208     
    60   -61789.87524683        4     0 2  0 0  2
  -61789.8752468300     
    61   -17.91420785504        4     0 0  2 0  2
  -17.9142078550360     
    62    14805.95215889        4     0 0  1 3  0
   14805.9521588881     
    63    23463.83892195        4     1 0  0 2  1
   23463.8389219526     
    64    5292.186411070        4     0 1  0 2  1
   5292.18641107022     
    65   -490.5676588115        4     0 0  1 1  2
  -490.567658811529     
    66    2780.987294452        4     1 0  0 0  3
   2780.98729445200     
    67   -27145.86559827        4     0 1  0 0  3
  -27145.8655982732     
    68    146083.5015562        4     0 0  0 4  0
   146083.501556221     
    69   -69516.62115773        4     0 0  0 2  2
  -69516.6211577263     
    70   -2923.817206383        4     0 0  0 0  4
  -2923.81720638343     
                                      

 etall    1, NO =    4, NV =    5, INA =   19
 *********************************************

    I  COEFFICIENT          ORDER   EXPONENTS
     1   0.1472003970626E-17    0     0 0  0 0  0
  1.472003970626472E-018
     2  -0.7612636260529E-01    1     1 0  0 0  0
 -7.612636260528789E-002
     3   0.2560955906313        1     0 1  0 0  0
  0.256095590631300     
     4   0.1769463346311        1     0 0  0 0  1
  0.176946334631106     
     5  -0.1529649997957E-01    2     2 0  0 0  0
 -1.529649997957315E-002
     6  -0.4433398432378        2     1 1  0 0  0
 -0.443339843237771     
     7   -3.667090657952        2     0 2  0 0  0
  -3.66709065795169     
     8  -0.8159961920090E-03    2     0 0  2 0  0
 -8.159961920090408E-004
     9  -0.3229806622375E-01    2     0 0  1 1  0
 -3.229806622375170E-002
    10  -0.1091274478027        2     1 0  0 0  1
 -0.109127447802737     
    11   -3.663475034009        2     0 1  0 0  1
  -3.66347503400929     
    12   -4.531916589089        2     0 0  0 2  0
  -4.53191658908935     
    13   0.3341312048220        2     0 0  0 0  2
  0.334131204821984     
    14  -0.3380965327325        3     3 0  0 0  0
 -0.338096532732534     
    15   -15.73447293392        3     2 1  0 0  0
  -15.7344729339155     
    16   -58.38219993203        3     1 2  0 0  0
  -58.3821999320350     
    17   -2479.024081926        3     0 3  0 0  0
  -2479.02408192648     
    18   0.1034523860401E-01    3     1 0  2 0  0
  1.034523860401027E-002
    19  -0.3800094542777E-01    3     0 1  2 0  0
 -3.800094542777011E-002
    20   -1.648574664054        3     1 0  1 1  0
  -1.64857466405362     
    21    11.28169603935        3     0 1  1 1  0
   11.2816960393538     
    22    2.235612584120        3     2 0  0 0  1
   2.23561258412017     
    23    66.95872022755        3     1 1  0 0  1
   66.9587202275521     
    24    61.70341617400        3     0 2  0 0  1
   61.7034161740028     
    25  -0.1951797322343E-01    3     0 0  2 0  1
 -1.951797322343411E-002
    26   -11.21173962277        3     1 0  0 2  0
  -11.2117396227709     
    27   -451.1454121508        3     0 1  0 2  0
  -451.145412150815     
    28    2.573348904457        3     0 0  1 1  1
   2.57334890445731     
    29   -12.41162822957        3     1 0  0 0  2
  -12.4116282295682     
    30   -440.2580189974        3     0 1  0 0  2
  -440.258018997378     
    31    11.25086761464        3     0 0  0 2  1
   11.2508676146395     
    32    20.08677952949        3     0 0  0 0  3
   20.0867795294887     
    33   0.2390466456941        4     4 0  0 0  0
  0.239046645694090     
    34   -3.276589033539        4     3 1  0 0  0
  -3.27658903353875     
    35   -40.75223881787        4     2 2  0 0  0
  -40.7522388178672     
    36   -22.65265450347        4     1 3  0 0  0
  -22.6526545034729     
    37   -10974.46233589        4     0 4  0 0  0
  -10974.4623358913     
    38   0.5953084641893E-03    4     2 0  2 0  0
  5.953084641892557E-004
    39  -0.7404707406219        4     1 1  2 0  0
 -0.740470740621929     
    40   -8.381402724752        4     0 2  2 0  0
  -8.38140272475167     
    41   0.6106012613746E-02    4     0 0  4 0  0
  6.106012613745618E-003
    42  -0.1766963293150        4     2 0  1 1  0
 -0.176696329315043     
    43   -26.65163698073        4     1 1  1 1  0
  -26.6516369807324     
    44    138.8270800058        4     0 2  1 1  0
   138.827080005769     
    45   -1.324846647261        4     0 0  3 1  0
  -1.32484664726077     
    46    5.557002720078        4     3 0  0 0  1
   5.55700272007807     
    47    112.6482767822        4     2 1  0 0  1
   112.648276782203     
    48    1516.375418145        4     1 2  0 0  1
   1516.37541814515     
    49    17733.96772713        4     0 3  0 0  1
   17733.9677271263     
    50   0.7092250893575E-01    4     1 0  2 0  1
  7.092250893574925E-002
    51    31.38148745806        4     0 1  2 0  1
   31.3814874580612     
    52   -50.49095482053        4     2 0  0 2  0
  -50.4909548205323     
    53   -1478.200652651        4     1 1  0 2  0
  -1478.20065265102     
    54   -1097.331495753        4     0 2  0 2  0
  -1097.33149575291     
    55   -9.366831154069        4     0 0  2 2  0
  -9.36683115406864     
    56   -26.64232981189        4     1 0  1 1  1
  -26.6423298118905     
    57   -116.7943186999        4     0 1  1 1  1
  -116.794318699883     
    58   -36.43405015797        4     2 0  0 0  2
  -36.4340501579710     
    59   -416.5705057925        4     1 1  0 0  2
  -416.570505792524     
    60   -5383.614226201        4     0 2  0 0  2
  -5383.61422620056     
    61   -1.128335741217        4     0 0  2 0  2
  -1.12833574121693     
    62   -709.5034680643        4     0 0  1 3  0
  -709.503468064348     
    63    750.9618463160        4     1 0  0 2  1
   750.961846316039     
    64    7068.908645176        4     0 1  0 2  1
   7068.90864517601     
    65    72.53885186271        4     0 0  1 1  2
   72.5388518627099     
    66    214.9446405682        4     1 0  0 0  3
   214.944640568249     
    67    725.4420847433        4     0 1  0 0  3
   725.442084743346     
    68   -3240.692596987        4     0 0  0 4  0
  -3240.69259698657     
    69   -1503.288210303        4     0 0  0 2  2
  -1503.28821030336     
    70   -382.5083490889        4     0 0  0 0  4
  -382.508349088864     
                                      

 etall    1, NO =    4, NV =    5, INA =   20
 *********************************************

    I  COEFFICIENT          ORDER   EXPONENTS
     1  -0.3756208208854        1     0 0  1 0  0
 -0.375620820885395     
     2    19.72397600768        1     0 0  0 1  0
   19.7239760076840     
     3  -0.2947526606200        2     1 0  1 0  0
 -0.294752660620000     
     4   0.4093674105793        2     0 1  1 0  0
  0.409367410579268     
     5   -3.722102567567        2     1 0  0 1  0
  -3.72210256756672     
     6   -40.56934524285        2     0 1  0 1  0
  -40.5693452428509     
     7    17.33204399852        2     0 0  1 0  1
   17.3320439985152     
     8    163.5581632072        2     0 0  0 1  1
   163.558163207174     
     9   -1.716730716409        3     2 0  1 0  0
  -1.71673071640907     
    10    6.850569890607        3     1 1  1 0  0
   6.85056989060724     
    11   -8.404762455222        3     0 2  1 0  0
  -8.40476245522231     
    12    11.09676601402        3     0 0  3 0  0
   11.0967660140214     
    13   -11.28768371664        3     2 0  0 1  0
  -11.2876837166359     
    14   -500.7215642761        3     1 1  0 1  0
  -500.721564276090     
    15    49.53243372166        3     0 2  0 1  0
   49.5324337216559     
    16    144.0266699257        3     0 0  2 1  0
   144.026669925695     
    17    5.423612369823        3     1 0  1 0  1
   5.42361236982345     
    18   -26.58645695313        3     0 1  1 0  1
  -26.5864569531299     
    19    5554.391920273        3     0 0  1 2  0
   5554.39192027262     
    20    179.6810388475        3     1 0  0 1  1
   179.681038847454     
    21    2046.555326382        3     0 1  0 1  1
   2046.55532638235     
    22   -3.890852879448        3     0 0  1 0  2
  -3.89085287944810     
    23    53539.23380179        3     0 0  0 3  0
   53539.2338017886     
    24   -4207.922622387        3     0 0  0 1  2
  -4207.92262238709     
    25   -2.402128576309        4     3 0  1 0  0
  -2.40212857630904     
    26   -73.32660382198        4     2 1  1 0  0
  -73.3266038219759     
    27   -454.1657501326        4     1 2  1 0  0
  -454.165750132618     
    28   -10168.88744349        4     0 3  1 0  0
  -10168.8874434932     
    29  -0.4773548467873        4     1 0  3 0  0
 -0.477354846787315     
    30    12.34189819917        4     0 1  3 0  0
   12.3418981991656     
    31   -11.06166496891        4     3 0  0 1  0
  -11.0616649689085     
    32   -797.2610005002        4     2 1  0 1  0
  -797.261000500249     
    33   -4649.950306704        4     1 2  0 1  0
  -4649.95030670423     
    34   -114243.0751801        4     0 3  0 1  0
  -114243.075180142     
    35    90.90143914077        4     1 0  2 1  0
   90.9014391407681     
    36    2386.024845854        4     0 1  2 1  0
   2386.02484585379     
    37    28.32006934084        4     2 0  1 0  1
   28.3200693408399     
    38    295.3845696648        4     1 1  1 0  1
   295.384569664832     
    39    6890.289830903        4     0 2  1 0  1
   6890.28983090284     
    40    68.18763077466        4     0 0  3 0  1
   68.1876307746635     
    41   -709.8481569321        4     1 0  1 2  0
  -709.848156932069     
    42    15151.45924217        4     0 1  1 2  0
   15151.4592421700     
    43    770.3527481456        4     2 0  0 1  1
   770.352748145623     
    44   -1834.713989572        4     1 1  0 1  1
  -1834.71398957234     
    45    110657.5146085        4     0 2  0 1  1
   110657.514608450     
    46   -4417.044755139        4     0 0  2 1  1
  -4417.04475513880     
    47   -97.90163923476        4     1 0  1 0  2
  -97.9016392347639     
    48   -1950.877714878        4     0 1  1 0  2
  -1950.87771487758     
    49    33089.89727759        4     1 0  0 3  0
   33089.8972775919     
    50    217987.4469606        4     0 1  0 3  0
   217987.446960620     
    51    13873.12330093        4     0 0  1 2  1
   13873.1233009303     
    52   -2988.195831269        4     1 0  0 1  2
  -2988.19583126873     
    53    6541.574760388        4     0 1  0 1  2
   6541.57476038774     
    54   -1078.448706960        4     0 0  1 0  3
  -1078.44870696023     
    55   -2242131.588827        4     0 0  0 3  1
  -2242131.58882726     
    56    21244.55667319        4     0 0  0 1  3
   21244.5566731871     
                                      

 etall    1, NO =    4, NV =    5, INA =   21
 *********************************************

    I  COEFFICIENT          ORDER   EXPONENTS
     1  -0.4163700367110E-01    1     0 0  1 0  0
 -4.163700367110213E-002
     2  -0.4758861293631        1     0 0  0 1  0
 -0.475886129363075     
     3   0.8290495555255E-03    2     1 0  1 0  0
  8.290495555254690E-004
     4  -0.1025227098763E-01    2     0 1  1 0  0
 -1.025227098763488E-002
     5  -0.8269149978755E-01    2     1 0  0 1  0
 -8.269149978754681E-002
     6   -4.477341533864        2     0 1  0 1  0
  -4.47734153386414     
     7  -0.3766820221791        2     0 0  1 0  1
 -0.376682022179080     
     8    15.95135132114        2     0 0  0 1  1
   15.9513513211399     
     9   0.1709219843006E-01    3     2 0  1 0  0
  1.709219843005916E-002
    10   -1.134949362858        3     1 1  1 0  0
  -1.13494936285752     
    11    5.347433289559        3     0 2  1 0  0
   5.34743328955860     
    12  -0.2285102106004        3     0 0  3 0  0
 -0.228510210600425     
    13   0.9934551192893E-01    3     2 0  0 1  0
  9.934551192893464E-002
    14   -1.175631524408        3     1 1  0 1  0
  -1.17563152440790     
    15   -270.6435689582        3     0 2  0 1  0
  -270.643568958171     
    16    9.793174211278        3     0 0  2 1  0
   9.79317421127753     
    17  -0.1043338948440        3     1 0  1 0  1
 -0.104333894844008     
    18    1.555309768661        3     0 1  1 0  1
   1.55530976866093     
    19   -79.12158342243        3     0 0  1 2  0
  -79.1215834224308     
    20   -1.901719619207        3     1 0  0 1  1
  -1.90171961920692     
    21   -46.55959235332        3     0 1  0 1  1
  -46.5595923533181     
    22    7.940834468968        3     0 0  1 0  2
   7.94083446896805     
    23    4985.776467735        3     0 0  0 3  0
   4985.77646773456     
    24    21.56543737170        3     0 0  0 1  2
   21.5654373716975     
    25   0.3079742128491E-01    4     3 0  1 0  0
  3.079742128491303E-002
    26   0.5488377653014        4     2 1  1 0  0
  0.548837765301380     
    27   -3.221176524493        4     1 2  1 0  0
  -3.22117652449283     
    28    40.94803754591        4     0 3  1 0  0
   40.9480375459121     
    29  -0.5194870869881E-01    4     1 0  3 0  0
 -5.194870869880600E-002
    30   -1.204315169816        4     0 1  3 0  0
  -1.20431516981582     
    31   0.6942403642481        4     3 0  0 1  0
  0.694240364248119     
    32   -12.91247194800        4     2 1  0 1  0
  -12.9124719480040     
    33    277.0209700069        4     1 2  0 1  0
   277.020970006929     
    34   -1546.445007441        4     0 3  0 1  0
  -1546.44500744073     
    35   -1.118373201018        4     1 0  2 1  0
  -1.11837320101798     
    36   -56.26264766565        4     0 1  2 1  0
  -56.2626476656458     
    37   -1.289839287728        4     2 0  1 0  1
  -1.28983928772751     
    38   -9.883370746533        4     1 1  1 0  1
  -9.88337074653300     
    39   -239.1007147803        4     0 2  1 0  1
  -239.100714780270     
    40    9.151145259203        4     0 0  3 0  1
   9.15114525920260     
    41    9.938367437388        4     1 0  1 2  0
   9.93836743738779     
    42    1080.057428953        4     0 1  1 2  0
   1080.05742895263     
    43    29.02875667827        4     2 0  0 1  1
   29.0287566782697     
    44    150.3031822531        4     1 1  0 1  1
   150.303182253138     
    45    1458.106604350        4     0 2  0 1  1
   1458.10660435041     
    46    116.9690490555        4     0 0  2 1  1
   116.969049055483     
    47    6.372620812827        4     1 0  1 0  2
   6.37262081282746     
    48    39.01996014690        4     0 1  1 0  2
   39.0199601469026     
    49   -841.7071795858        4     1 0  0 3  0
  -841.707179585757     
    50   -15420.08935378        4     0 1  0 3  0
  -15420.0893537766     
    51    4729.098731050        4     0 0  1 2  1
   4729.09873104981     
    52   -101.7300529808        4     1 0  0 1  2
  -101.730052980787     
    53    58.18417365069        4     0 1  0 1  2
   58.1841736506910     
    54   -36.94305009437        4     0 0  1 0  3
  -36.9430500943674     
    55    36206.04816238        4     0 0  0 3  1
   36206.0481623794     
    56   -1186.531818628        4     0 0  0 1  3
  -1186.53181862787     
                                      

 etall    1, NO =    4, NV =    5, INA =   22
 *********************************************

    I  COEFFICIENT          ORDER   EXPONENTS
     1    1.000000000000        1     0 0  0 0  1
   1.00000000000000     
                                      

 etall    1, NO =    4, NV =    5, INA =   30
 *********************************************

    I  COEFFICIENT          ORDER   EXPONENTS
     1  -0.2219335826226E-12    0     0 0  0 0  0
 -2.219335826225688E-013
     2   0.1768766465979        1     1 0  0 0  0
  0.176876646597879     
     3    1.729348426043        1     0 1  0 0  0
   1.72934842604270     
     4    16.57342001432        1     0 0  0 0  1
   16.5734200143170     
     5  -0.1642670168291        2     2 0  0 0  0
 -0.164267016829067     
     6   0.6819950665545E-02    2     1 1  0 0  0
  6.819950665544959E-003
     7   -20.58856583601        2     0 2  0 0  0
  -20.5885658360140     
     8   0.4188429228966        2     0 0  2 0  0
  0.418842922896631     
     9   0.6054267413929        2     0 0  1 1  0
  0.605426741392924     
    10    1.175514032603        2     1 0  0 0  1
   1.17551403260303     
    11    10.85671533092        2     0 1  0 0  1
   10.8567153309248     
    12    202.8051824322        2     0 0  0 2  0
   202.805182432172     
    13    4.730567081277        2     0 0  0 0  2
   4.73056708127675     
    14   0.6171542742912        3     3 0  0 0  0
  0.617154274291163     
    15    34.73962037684        3     2 1  0 0  0
   34.7396203768413     
    16    93.57941088352        3     1 2  0 0  0
   93.5794108835189     
    17    5563.227655639        3     0 3  0 0  0
   5563.22765563895     
    18  -0.1365556262300E-01    3     1 0  2 0  0
 -1.365556262299890E-002
    19   0.4552790642891        3     0 1  2 0  0
  0.455279064289086     
    20    5.018150519096        3     1 0  1 1  0
   5.01815051909570     
    21    44.30115586452        3     0 1  1 1  0
   44.3011558645187     
    22   -33.82351985320        3     2 0  0 0  1
  -33.8235198531956     
    23   -165.8503425727        3     1 1  0 0  1
  -165.850342572740     
    24   -4832.416406271        3     0 2  0 0  1
  -4832.41640627059     
    25   -2.928123759578        3     0 0  2 0  1
  -2.92812375957803     
    26  -0.5679072107046        3     1 0  0 2  0
 -0.567907210704627     
    27    843.2222934334        3     0 1  0 2  0
   843.222293433411     
    28   -22.33560838860        3     0 0  1 1  1
  -22.3356083885961     
    29    161.5553901372        3     1 0  0 0  2
   161.555390137172     
    30    1030.073496455        3     0 1  0 0  2
   1030.07349645534     
    31   -1448.589469562        3     0 0  0 2  1
  -1448.58946956241     
    32   -320.8574741517        3     0 0  0 0  3
  -320.857474151708     
    33    2.292630276578        4     4 0  0 0  0
   2.29263027657785     
    34   0.3075847842478        4     3 1  0 0  0
  0.307584784247794     
    35    895.7536260713        4     2 2  0 0  0
   895.753626071310     
    36   -1142.771039750        4     1 3  0 0  0
  -1142.77103974965     
    37    70585.97903734        4     0 4  0 0  0
   70585.9790373368     
    38   0.8646726592875        4     2 0  2 0  0
  0.864672659287546     
    39    14.62202876744        4     1 1  2 0  0
   14.6220287674391     
    40    125.1479925041        4     0 2  2 0  0
   125.147992504119     
    41  -0.4305370126278        4     0 0  4 0  0
 -0.430537012627845     
    42   -19.21344196459        4     2 0  1 1  0
  -19.2134419645908     
    43    246.9127681399        4     1 1  1 1  0
   246.912768139936     
    44    3548.390215843        4     0 2  1 1  0
   3548.39021584338     
    45   -3.929866118870        4     0 0  3 1  0
  -3.92986611887049     
    46   -49.25468281543        4     3 0  0 0  1
  -49.2546828154320     
    47   -243.4547060787        4     2 1  0 0  1
  -243.454706078739     
    48   -7681.704344982        4     1 2  0 0  1
  -7681.70434498154     
    49   -37863.90516805        4     0 3  0 0  1
  -37863.9051680532     
    50   -6.197479787122        4     1 0  2 0  1
  -6.19747978712248     
    51   -109.9781478291        4     0 1  2 0  1
  -109.978147829058     
    52    457.4024462772        4     2 0  0 2  0
   457.402446277151     
    53   -2369.925123127        4     1 1  0 2  0
  -2369.92512312684     
    54    72667.03951895        4     0 2  0 2  0
   72667.0395189469     
    55   -242.6423144447        4     0 0  2 2  0
  -242.642314444654     
    56    122.2622243183        4     1 0  1 1  1
   122.262224318313     
    57   -161.4939036858        4     0 1  1 1  1
  -161.493903685844     
    58    323.6763839585        4     2 0  0 0  2
   323.676383958546     
    59    817.2069460130        4     1 1  0 0  2
   817.206946012966     
    60    35614.44173760        4     0 2  0 0  2
   35614.4417375969     
    61    19.19007122456        4     0 0  2 0  2
   19.1900712245617     
    62   -1548.370405189        4     0 0  1 3  0
  -1548.37040518925     
    63   -5973.416085360        4     1 0  0 2  1
  -5973.41608535995     
    64   -2530.979960096        4     0 1  0 2  1
  -2530.97996009596     
    65   -7.817935031880        4     0 0  1 1  2
  -7.81793503187960     
    66   -1181.686078285        4     1 0  0 0  3
  -1181.68607828473     
    67   -1599.755642466        4     0 1  0 0  3
  -1599.75564246595     
    68   -26895.08300596        4     0 0  0 4  0
  -26895.0830059623     
    69    18951.14949187        4     0 0  0 2  2
   18951.1494918718     
    70    1700.252901527        4     0 0  0 0  4
   1700.25290152724     
                                      
