 0.5540504E-04
 0.0000000E+00
 0.5540504E-04
 0.0000000E+00
 0.5540504E-04
 0.0000000E+00
 0.0000000E+00
 0.0000000E+00
 0.1180348E-03
 0.0000000E+00
 0.0000000E+00
 0.0000000E+00
 0.0000000E+00
 0.0000000E+00
 0.0000000E+00
 0.0000000E+00
 0.0000000E+00
 0.3685540E-03
 0.1683780E-02
 0.4376861E-02
 0.7257831E-02
 0.9261984E-02
 0.1139140E-01
 0.1270662E-01
 0.1377133E-01
 0.1514919E-01
 0.1608863E-01
 0.1684019E-01
 0.1765438E-01
 0.1846856E-01
 0.1928275E-01
 0.1972116E-01
 0.2041009E-01
 0.2072324E-01
 0.2141216E-01
 0.2185057E-01
 0.2210109E-01
 0.2260213E-01
 0.2260213E-01
 0.2291528E-01
 0.2347895E-01
 0.2354158E-01
 0.2366684E-01
 0.2379210E-01
 0.2397999E-01
 0.2385473E-01
 0.2391736E-01
 0.2379210E-01
 0.2372947E-01
 0.2366684E-01
 0.2316580E-01
 0.2316580E-01
 0.2291528E-01
 0.2285265E-01
 0.2266476E-01
 0.2216372E-01
 0.2166268E-01
 0.2128690E-01
 0.2066061E-01
 0.2009694E-01
 0.1984642E-01
 0.1896960E-01
 0.1846856E-01
 0.1790490E-01
 0.1665230E-01
 0.1558759E-01
 0.1471078E-01
 0.1364607E-01
 0.1258136E-01
 0.1114088E-01
 0.9261984E-02
 0.7570980E-02
 0.4564750E-02
 0.1934299E-02
 0.1806646E-03
 0.0000000E+00
 0.0000000E+00
 0.0000000E+00
 0.0000000E+00
 0.0000000E+00
 0.0000000E+00
 0.0000000E+00
 0.0000000E+00
 0.0000000E+00
 0.0000000E+00
 0.0000000E+00
 0.0000000E+00
 0.0000000E+00
 0.0000000E+00
 0.0000000E+00
 0.0000000E+00
 0.0000000E+00
 0.0000000E+00
 0.0000000E+00
 0.0000000E+00
 0.0000000E+00
 0.0000000E+00
 0.0000000E+00
 0.0000000E+00
 0.0000000E+00
