6.507676e-02 2.333122e-01
1.301535e-01 2.335678e-01
1.952303e-01 2.339920e-01
2.603071e-01 2.345809e-01
3.253838e-01 2.353310e-01
3.904606e-01 2.362364e-01
4.555373e-01 2.372905e-01
5.206141e-01 2.384857e-01
5.856909e-01 2.398149e-01
6.507676e-01 2.412673e-01
7.158444e-01 2.428358e-01
7.809212e-01 2.445039e-01
8.459979e-01 2.462652e-01
9.110747e-01 2.481212e-01
9.761515e-01 2.500146e-01
1.041228e+00 2.520230e-01
1.106305e+00 2.540649e-01
1.171382e+00 2.561402e-01
1.236459e+00 2.582466e-01
1.301535e+00 2.603749e-01
1.366612e+00 2.625160e-01
1.431689e+00 2.646609e-01
1.496766e+00 2.668013e-01
1.561842e+00 2.689297e-01
1.626919e+00 2.710392e-01
1.691996e+00 2.731238e-01
1.757073e+00 2.751779e-01
1.822149e+00 2.771965e-01
1.887226e+00 2.791754e-01
1.952303e+00 2.811110e-01
2.017380e+00 2.829999e-01
2.082456e+00 2.848399e-01
2.147533e+00 2.866286e-01
2.212610e+00 2.883649e-01
2.277687e+00 2.900474e-01
2.342763e+00 2.916755e-01
2.407840e+00 2.932490e-01
2.472917e+00 2.947678e-01
2.537994e+00 2.962323e-01
2.603071e+00 2.976431e-01
2.668147e+00 2.990010e-01
2.733224e+00 3.003070e-01
2.798301e+00 3.015623e-01
2.863378e+00 3.027681e-01
2.928454e+00 3.039259e-01
2.993531e+00 3.050372e-01
3.058608e+00 3.061034e-01
3.123685e+00 3.071262e-01
3.188761e+00 3.081072e-01
3.253838e+00 3.090480e-01
3.318915e+00 3.099502e-01
3.383992e+00 3.108153e-01
3.449068e+00 3.116450e-01
3.514145e+00 3.124408e-01
3.579222e+00 3.132041e-01
3.644299e+00 3.139365e-01
3.709376e+00 3.146393e-01
3.774452e+00 3.153138e-01
3.839529e+00 3.159614e-01
3.904606e+00 3.165833e-01
3.969683e+00 3.171808e-01
4.034759e+00 3.177549e-01
4.099836e+00 3.183068e-01
4.164913e+00 3.188375e-01
4.229990e+00 3.193479e-01
4.295066e+00 3.198391e-01
4.360143e+00 3.203118e-01
4.425220e+00 3.207672e-01
4.490297e+00 3.212057e-01
4.555373e+00 3.216284e-01
4.620450e+00 3.220358e-01
4.685527e+00 3.224286e-01
4.750604e+00 3.228077e-01
4.815681e+00 3.231734e-01
4.880757e+00 3.235265e-01
4.945834e+00 3.238677e-01
5.010911e+00 3.241969e-01
5.075988e+00 3.245153e-01
5.141064e+00 3.248233e-01
5.206141e+00 3.251208e-01
5.271218e+00 3.254087e-01
5.336295e+00 3.256877e-01
5.401371e+00 3.259574e-01
5.466448e+00 3.262183e-01
5.531525e+00 3.264715e-01
5.596602e+00 3.267172e-01
5.661678e+00 3.269547e-01
5.726755e+00 3.271846e-01
5.791832e+00 3.274082e-01
5.856909e+00 3.276257e-01
5.921985e+00 3.278364e-01
5.987062e+00 3.280400e-01
6.052139e+00 3.282378e-01
6.117216e+00 3.284308e-01
6.182293e+00 3.286190e-01
6.247369e+00 3.288013e-01
6.312446e+00 3.289773e-01
6.377523e+00 3.291479e-01
6.442600e+00 3.293149e-01
