4.348527e-02 5.819665e-02
8.697053e-02 5.835345e-02
1.304558e-01 5.861418e-02
1.739411e-01 5.897797e-02
2.174263e-01 5.944358e-02
2.609116e-01 6.000945e-02
3.043969e-01 6.067369e-02
3.478821e-01 6.143409e-02
3.913674e-01 6.228817e-02
4.348527e-01 6.323314e-02
4.783379e-01 6.426597e-02
5.218232e-01 6.538340e-02
5.653085e-01 6.658192e-02
6.087937e-01 6.785786e-02
6.522790e-01 6.920735e-02
6.957643e-01 7.062638e-02
7.392495e-01 7.211083e-02
7.827348e-01 7.365644e-02
8.262200e-01 7.525890e-02
8.697053e-01 7.691384e-02
9.131906e-01 7.861683e-02
9.566758e-01 8.036346e-02
1.000161e+00 8.214952e-02
1.043646e+00 8.397034e-02
1.087132e+00 8.582141e-02
1.130617e+00 8.769902e-02
1.174102e+00 8.959868e-02
1.217587e+00 9.151636e-02
1.261073e+00 9.344809e-02
1.304558e+00 9.539005e-02
1.348043e+00 9.733852e-02
1.391529e+00 9.928996e-02
1.435014e+00 1.012410e-01
1.478499e+00 1.031884e-01
1.521984e+00 1.051290e-01
1.565470e+00 1.070601e-01
1.608955e+00 1.089788e-01
1.652440e+00 1.108827e-01
1.695925e+00 1.127693e-01
1.739411e+00 1.146366e-01
1.782896e+00 1.164824e-01
1.826381e+00 1.183051e-01
1.869866e+00 1.201028e-01
1.913352e+00 1.218742e-01
1.956837e+00 1.236180e-01
2.000322e+00 1.253313e-01
2.043807e+00 1.270175e-01
2.087293e+00 1.286717e-01
2.130778e+00 1.302943e-01
2.174263e+00 1.318847e-01
2.217749e+00 1.334426e-01
2.261234e+00 1.349675e-01
2.304719e+00 1.364592e-01
2.348204e+00 1.379174e-01
2.391690e+00 1.393423e-01
2.435175e+00 1.407338e-01
2.478660e+00 1.420920e-01
2.522145e+00 1.434171e-01
2.565631e+00 1.447093e-01
2.609116e+00 1.459691e-01
2.652601e+00 1.471968e-01
2.696086e+00 1.483927e-01
2.739572e+00 1.495574e-01
2.783057e+00 1.506914e-01
2.826542e+00 1.517953e-01
2.870028e+00 1.528695e-01
2.913513e+00 1.539148e-01
2.956998e+00 1.549316e-01
3.000483e+00 1.559207e-01
3.043969e+00 1.568826e-01
3.087454e+00 1.578181e-01
3.130939e+00 1.587278e-01
3.174424e+00 1.596122e-01
3.217910e+00 1.604721e-01
3.261395e+00 1.613084e-01
3.304880e+00 1.621226e-01
3.348365e+00 1.629155e-01
3.391851e+00 1.636849e-01
3.435336e+00 1.644272e-01
3.478821e+00 1.652401e-01
3.522307e+00 1.657147e-01
3.565792e+00 1.665641e-01
3.609277e+00 1.671404e-01
3.652762e+00 1.679985e-01
3.696248e+00 1.684818e-01
3.739733e+00 1.691206e-01
3.783218e+00 1.697091e-01
3.826703e+00 1.702981e-01
3.870189e+00 1.708637e-01
3.913674e+00 1.714166e-01
3.957159e+00 1.719546e-01
4.000644e+00 1.724778e-01
4.044130e+00 1.729881e-01
4.087615e+00 1.734844e-01
4.131100e+00 1.739685e-01
4.174586e+00 1.744396e-01
4.218071e+00 1.748991e-01
4.261556e+00 1.753467e-01
4.305041e+00 1.757830e-01
