4.348527e-02 6.083610e-02
8.697053e-02 6.098987e-02
1.304558e-01 6.124556e-02
1.739411e-01 6.160232e-02
2.174263e-01 6.205893e-02
2.609116e-01 6.261388e-02
3.043969e-01 6.326529e-02
3.478821e-01 6.401103e-02
3.913674e-01 6.484863e-02
4.348527e-01 6.577540e-02
4.783379e-01 6.678835e-02
5.218232e-01 6.788429e-02
5.653085e-01 6.905978e-02
6.087937e-01 7.031122e-02
6.522790e-01 7.163482e-02
6.957643e-01 7.302667e-02
7.392495e-01 7.448269e-02
7.827348e-01 7.599874e-02
8.262200e-01 7.757058e-02
8.697053e-01 7.919394e-02
9.131906e-01 8.086444e-02
9.566758e-01 8.257895e-02
1.000161e+00 8.432886e-02
1.043646e+00 8.611601e-02
1.087132e+00 8.793216e-02
1.130617e+00 8.977415e-02
1.174102e+00 9.163785e-02
1.217587e+00 9.351928e-02
1.261073e+00 9.541454e-02
1.304558e+00 9.731987e-02
1.348043e+00 9.923164e-02
1.391529e+00 1.011464e-01
1.435014e+00 1.030607e-01
1.478499e+00 1.049716e-01
1.521984e+00 1.068758e-01
1.565470e+00 1.087707e-01
1.608955e+00 1.106534e-01
1.652440e+00 1.125218e-01
1.695925e+00 1.143733e-01
1.739411e+00 1.162057e-01
1.782896e+00 1.180172e-01
1.826381e+00 1.198059e-01
1.869866e+00 1.215702e-01
1.913352e+00 1.233087e-01
1.956837e+00 1.250200e-01
2.000322e+00 1.267030e-01
2.043807e+00 1.283567e-01
2.087293e+00 1.299802e-01
2.130778e+00 1.315727e-01
2.174263e+00 1.331338e-01
2.217749e+00 1.346629e-01
2.261234e+00 1.361596e-01
2.304719e+00 1.376237e-01
2.348204e+00 1.390551e-01
2.391690e+00 1.404537e-01
2.435175e+00 1.418196e-01
2.478660e+00 1.431528e-01
2.522145e+00 1.444535e-01
2.565631e+00 1.457220e-01
2.609116e+00 1.469586e-01
2.652601e+00 1.481637e-01
2.696086e+00 1.493377e-01
2.739572e+00 1.504810e-01
2.783057e+00 1.515942e-01
2.826542e+00 1.526777e-01
2.870028e+00 1.537323e-01
2.913513e+00 1.547583e-01
2.956998e+00 1.557565e-01
3.000483e+00 1.567275e-01
3.043969e+00 1.576717e-01
3.087454e+00 1.585900e-01
3.130939e+00 1.594830e-01
3.174424e+00 1.603513e-01
3.217910e+00 1.611961e-01
3.261395e+00 1.620182e-01
3.304880e+00 1.628177e-01
3.348365e+00 1.635925e-01
3.391851e+00 1.643454e-01
3.435336e+00 1.651662e-01
3.478821e+00 1.656587e-01
3.522307e+00 1.665016e-01
3.565792e+00 1.670780e-01
3.609277e+00 1.679493e-01
3.652762e+00 1.684431e-01
3.696248e+00 1.690810e-01
3.739733e+00 1.696754e-01
3.783218e+00 1.702701e-01
3.826703e+00 1.708400e-01
3.870189e+00 1.713980e-01
3.913674e+00 1.719403e-01
3.957159e+00 1.724679e-01
4.000644e+00 1.729824e-01
4.044130e+00 1.734826e-01
4.087615e+00 1.739705e-01
4.131100e+00 1.744452e-01
4.174586e+00 1.749081e-01
4.218071e+00 1.753590e-01
4.261556e+00 1.757985e-01
4.305041e+00 1.762270e-01
