6.507676e-02 2.352381e-01
1.301535e-01 2.354888e-01
1.952303e-01 2.359050e-01
2.603071e-01 2.364828e-01
3.253838e-01 2.372190e-01
3.904606e-01 2.381074e-01
4.555373e-01 2.391418e-01
5.206141e-01 2.403144e-01
5.856909e-01 2.416179e-01
6.507676e-01 2.430452e-01
7.158444e-01 2.445802e-01
7.809212e-01 2.462183e-01
8.459979e-01 2.480246e-01
9.110747e-01 2.499509e-01
9.761515e-01 2.510216e-01
1.041228e+00 2.535871e-01
1.106305e+00 2.555966e-01
1.171382e+00 2.576369e-01
1.236459e+00 2.597063e-01
1.301535e+00 2.617962e-01
1.366612e+00 2.638979e-01
1.431689e+00 2.660031e-01
1.496766e+00 2.681038e-01
1.561842e+00 2.701929e-01
1.626919e+00 2.722637e-01
1.691996e+00 2.743100e-01
1.757073e+00 2.763264e-01
1.822149e+00 2.783080e-01
1.887226e+00 2.802507e-01
1.952303e+00 2.821507e-01
2.017380e+00 2.840051e-01
2.082456e+00 2.858104e-01
2.147533e+00 2.875674e-01
2.212610e+00 2.892719e-01
2.277687e+00 2.909236e-01
2.342763e+00 2.925220e-01
2.407840e+00 2.940668e-01
2.472917e+00 2.955578e-01
2.537994e+00 2.969956e-01
2.603071e+00 2.983806e-01
2.668147e+00 2.997137e-01
2.733224e+00 3.009959e-01
2.798301e+00 3.022283e-01
2.863378e+00 3.034121e-01
2.928454e+00 3.045487e-01
2.993531e+00 3.056397e-01
3.058608e+00 3.066865e-01
3.123685e+00 3.076906e-01
3.188761e+00 3.086537e-01
3.253838e+00 3.095773e-01
3.318915e+00 3.104630e-01
3.383992e+00 3.113124e-01
3.449068e+00 3.121269e-01
3.514145e+00 3.129082e-01
3.579222e+00 3.136576e-01
3.644299e+00 3.143765e-01
3.709376e+00 3.150665e-01
3.774452e+00 3.157287e-01
3.839529e+00 3.163645e-01
3.904606e+00 3.169751e-01
3.969683e+00 3.175616e-01
4.034759e+00 3.181252e-01
4.099836e+00 3.186670e-01
4.164913e+00 3.191880e-01
4.229990e+00 3.196891e-01
4.295066e+00 3.201713e-01
4.360143e+00 3.206355e-01
4.425220e+00 3.210825e-01
4.490297e+00 3.215130e-01
4.555373e+00 3.219280e-01
4.620450e+00 3.223278e-01
4.685527e+00 3.227136e-01
4.750604e+00 3.230857e-01
4.815681e+00 3.234447e-01
4.880757e+00 3.237915e-01
4.945834e+00 3.241262e-01
5.010911e+00 3.244495e-01
5.075988e+00 3.247623e-01
5.141064e+00 3.250644e-01
5.206141e+00 3.253564e-01
5.271218e+00 3.256395e-01
5.336295e+00 3.259131e-01
5.401371e+00 3.261776e-01
5.466448e+00 3.264341e-01
5.531525e+00 3.266830e-01
5.596602e+00 3.269237e-01
5.661678e+00 3.271565e-01
5.726755e+00 3.273827e-01
5.791832e+00 3.276028e-01
5.856909e+00 3.278160e-01
5.921985e+00 3.280220e-01
5.987062e+00 3.282219e-01
6.052139e+00 3.284169e-01
6.117216e+00 3.286071e-01
6.182293e+00 3.287914e-01
6.247369e+00 3.289691e-01
6.312446e+00 3.291414e-01
6.377523e+00 3.293099e-01
6.442600e+00 3.294754e-01
