 
 ANALYSIS OF X SIGNAL, CASE:           1
 TUNE X =   0.210401277103586     
 
        Line Frequency      Amplitude             Phase             Error         mx  my  ms  p
 
  1 0.2104012771036E+00 0.100001482769E-01 -.210569425425E+01 0.00000000000E+00   1   0   0   0
  2 0.4208025634331E+00 0.461279532988E-04 -.914993303820E+02 0.92259249684E-08   2   0   0   0
  3 0.4895162535753E+00 0.327974632213E-04 0.866690816395E+02 0.12697202179E-08   0   2   0   0
  4 -.4895162469227E+00 0.314633346772E-04 -.808699753583E+02 0.53828761448E-08   0  -2   0   0
  5 -.4208025546004E+00 0.310847309284E-04 0.940263898586E+02 0.39327086032E-09  -2   0   0   0
  6 0.2791149618600E+00 0.220663718249E-04 -.730808084860E+01 0.13341973748E-07  -1   2   0   0
  7 0.2104587922170E+00 0.182012896741E-04 -.119181897016E+03 0.10000000000E-05
  8 0.2103557955863E+00 0.232294162004E-04 -.108408011619E+03 0.10000000000E-05
  9 -.4272554779958E-07 0.940351510020E-05 -.887824635637E+02 0.42725547800E-07   0   0   0   0
 10 0.2104973281072E+00 0.736093485838E-05 -.781006445201E+02 0.10000000000E-05
 11 0.2103036377292E+00 0.431877005941E-05 -.100978924578E+03 0.10000000000E-05
 12 0.2105467135596E+00 0.266567429231E-05 -.759366327222E+02 0.10000000000E-05
 13 0.2102521745113E+00 0.178237912397E-05 -.957834963847E+02 0.10000000000E-05
 14 0.2104496347892E+00 0.159499192197E-05 -.864816909433E+02 0.10000000000E-05
 15 0.2105932542151E+00 0.139189704431E-05 -.634851775957E+02 0.10000000000E-05
 16 0.2102039876019E+00 0.101709776148E-05 -.102355443704E+03 0.10000000000E-05
 17 -.2791149822584E+00 0.726377182098E-06 -.173694412690E+03 0.70563834775E-08   1  -2   0   0
 18 0.2106450479342E+00 0.744425466629E-06 -.699405133355E+02 0.10000000000E-05
 19 0.6871369012384E-01 0.585310323069E-06 -.951571663316E+02 0.79745753334E-08  -2   2   0   0
 20 0.2101524560686E+00 0.602249767700E-06 -.968697721843E+02 0.10000000000E-05
 21 0.3687960995316E+00 0.512097880591E-06 -.175326995930E+03 0.69157675808E-07  -3   0   0  -1
 22 0.2106962992095E+00 0.484040775582E-06 -.744343967600E+02 0.10000000000E-05
 23 0.2103432159265E+00 0.610583900887E-06 -.633992033496E+02 0.10000000000E-05
 24 0.2103979702115E+00 0.563214970322E-06 -.809061610189E+02 0.10000000000E-05
 25 0.4895704672975E+00 0.395410471369E-06 0.161653787022E+03 0.10000000000E-05
 26 -.4895699875151E+00 0.378081100500E-06 -.158081611876E+03 0.10000000000E-05
 27 0.3000823611855E+00 0.446872170041E-06 -.172787344588E+03 0.10940529538E-06  -1  -2   0  -1
 28 0.2107439490093E+00 0.343254756794E-06 -.659574440496E+02 0.10000000000E-05
 29 0.2104982200955E+00 0.377842889754E-06 -.814175246572E+02 0.10000000000E-05
 30 0.2103101762212E+00 0.354362407467E-06 -.124498678799E+03 0.10000000000E-05
 31 0.2791684092199E+00 0.316710224352E-06 0.715156931744E+02 0.10000000000E-05
 32 0.2790667620776E+00 0.304147839077E-06 0.754333647231E+02 0.10000000000E-05
 33 -.6871372553650E-01 0.273983681120E-06 -.887125127088E+02 0.27438087136E-07   2  -2   0   0
 34 0.2101084626020E+00 0.455573403528E-06 -.118542626765E+03 0.10000000000E-05
 35 0.4894684679239E+00 0.397319052648E-06 0.169257674847E+03 0.10000000000E-05
 36 -.4894693145594E+00 0.384096935756E-06 -.159527703024E+03 0.10000000000E-05
 37 -.3687961752129E+00 0.282939679467E-06 0.174878854741E+03 0.65236753777E-08   3   0   0   1
 38 -.2104012542223E+00 0.224373186186E-06 0.150296184782E+03 0.22881286948E-07  -1   0   0   0
 39 0.2100559877801E+00 0.270728753336E-06 -.109659647404E+03 0.10000000000E-05
 40 0.4207529754340E+00 0.222443392533E-06 0.174774026090E+03 0.10000000000E-05
 41 0.2107924689667E+00 0.261041567814E-06 -.606011644383E+02 0.10000000000E-05
 42 0.2105492920241E+00 0.277124632490E-06 -.852452099273E+02 0.10000000000E-05
 43 0.2102528723448E+00 0.183576383133E-06 -.982210136635E+02 0.10000000000E-05
 44 0.2100069163678E+00 0.200984467681E-06 -.113042530176E+03 0.10000000000E-05
 45 0.4208529766229E+00 0.159949774195E-06 -.179961497038E+03 0.10000000000E-05
 46 0.2099545327053E+00 0.143248391524E-06 -.104480319289E+03 0.10000000000E-05
 47 0.2108409485905E+00 0.197625303225E-06 -.551134107015E+02 0.10000000000E-05
 48 0.2101421820317E+00 0.140973706164E-06 -.597841542073E+02 0.10000000000E-05
 49 -.4207530960576E+00 0.149850229796E-06 -.173923774767E+03 0.10000000000E-05
 50 0.4896107866386E+00 0.140218241579E-06 -.161990826727E+03 0.10000000000E-05
 51 0.2108920763094E+00 0.140992611213E-06 -.591509782607E+02 0.10000000000E-05
 52 -.4896104465874E+00 0.133187370947E-06 0.165746137676E+03 0.10000000000E-05
 53 0.2103420282490E+00 0.147333636170E-06 -.590476116524E+02 0.10000000000E-05
 54 0.2104484999302E+00 0.118403306993E-06 -.823273974316E+02 0.10000000000E-05
 55 0.2099066192675E+00 0.129288724038E-06 -.112015213875E+03 0.10000000000E-05
 56 -.4208529500830E+00 0.107869705825E-06 -.174686362182E+03 0.10000000000E-05
 57 0.2109417186528E+00 0.111311380015E-06 -.578476343220E+02 0.10000000000E-05
 58 0.2101991204715E+00 0.987414492979E-07 -.846388364405E+02 0.10000000000E-05
 59 0.2105920140935E+00 0.123943579116E-06 -.590719834454E+02 0.10000000000E-05
 60 0.3311870820053E-04 0.125544960428E-06 0.628573328853E+02 0.10000000000E-05
 61 -.2912250553149E-04 0.100877109389E-06 0.106898122982E+03 0.10000000000E-05
 62 -.3000824612553E+00 0.999976382054E-07 -.246961739996E+02 0.93355324582E-08   1   2   0   1
 63 0.2109914284918E+00 0.871509747220E-07 -.567861254673E+02 0.10000000000E-05
 64 0.2098574765941E+00 0.104152483804E-06 -.115140313936E+03 0.10000000000E-05
 65 0.2792091714078E+00 0.108287227908E-06 0.107581736217E+03 0.10000000000E-05
 66 0.2103986492333E+00 0.781222707390E-07 -.829850765723E+02 0.10000000000E-05
 67 0.4894171549980E+00 0.823416287463E-07 0.176370249886E+03 0.10000000000E-05
 68 0.4207103334437E+00 0.649160635140E-07 0.145106209553E+03 0.10000000000E-05
 69 0.2106401793695E+00 0.740537979125E-07 -.523687439823E+02 0.10000000000E-05
 70 0.2107523439186E+00 0.732152918457E-07 -.961619567622E+02 0.10000000000E-05
 71 0.2106998856464E+00 0.609040718259E-07 -.873193190029E+02 0.10000000000E-05
 72 0.2103067435002E+00 0.734734210330E-07 -.111911101200E+03 0.10000000000E-05
 73 -.4894171206211E+00 0.743651057313E-07 -.169100250569E+03 0.10000000000E-05
 74 0.1416874031928E+00 0.678611696949E-07 0.266968325316E+01 0.17581236889E-06   3  -2   0   0
 75 0.2110390023415E+00 0.758037202135E-07 -.480220174223E+02 0.10000000000E-05
 76 0.2101092070325E+00 0.957183564113E-07 -.120984648087E+03 0.10000000000E-05
 77 0.2098102250240E+00 0.842983453644E-07 -.125095901614E+03 0.10000000000E-05
 78 0.2104974560588E+00 0.678520276512E-07 -.786290513352E+02 0.10000000000E-05
 79 0.2097586377705E+00 0.628645263713E-07 -.119408358646E+03 0.10000000000E-05
 80 0.2097068803842E+00 0.505172686952E-07 -.113103618707E+03 0.10000000000E-05
 81 -.4207103958899E+00 0.433425606868E-07 -.147115459562E+03 0.10000000000E-05
 82 0.2790152628061E+00 0.640005717842E-07 0.819737790519E+02 0.10000000000E-05
 83 0.2313692967217E+00 0.432965101862E-07 -.170721263039E+03 0.52422928309E-06   1  -4   0  -1
 84 0.2107921958065E+00 0.598431563711E-07 -.596422805876E+02 0.10000000000E-05
 85 0.6356068725963E-04 0.356063420488E-07 0.133054061997E+03 0.10000000000E-05
 86 0.2101512563545E+00 0.399636199157E-07 -.925555971588E+02 0.10000000000E-05
 87 0.2100577317125E+00 0.634880983244E-07 -.115761242198E+03 0.10000000000E-05
 88 0.2110877457170E+00 0.635855539648E-07 -.434834193544E+02 0.10000000000E-05
 89 0.2111391984285E+00 0.486483351801E-07 -.486984113246E+02 0.10000000000E-05
 90 0.2096582790476E+00 0.448697858723E-07 -.118184162068E+03 0.10000000000E-05
 91 0.1894328324977E+00 0.416788192561E-07 -.117407525085E+02 0.94921702254E-06   1   4   0   1
 92 0.2111906872113E+00 0.403043173864E-07 -.540502592442E+02 0.10000000000E-05
 93 0.4209038416048E+00 0.365039066136E-07 0.179578394251E+03 0.10000000000E-05
 94 0.4893634807850E+00 0.336313482250E-07 -.170220017044E+03 0.10000000000E-05
 95 0.2100065717987E+00 0.388551532122E-07 -.111541233724E+03 0.10000000000E-05
 96 0.2099527987708E+00 0.405541458080E-07 -.980809806434E+02 0.10000000000E-05
 97 0.2112415040450E+00 0.352200997282E-07 -.569800548024E+02 0.10000000000E-05
 98 -.4895561467491E+00 0.311141819621E-07 0.148335291676E+03 0.10000000000E-05
 99 0.4896592494886E+00 0.513324136946E-07 -.155870182535E+03 0.10000000000E-05
100 0.2792588501272E+00 0.390630790810E-07 0.110463808346E+03 0.10000000000E-05
 
 ANALYSIS OF Y SIGNAL, CASE:           1
 TUNE Y =   0.244758126152792     
 
        Line Frequency      Amplitude             Phase             Error         mx  my  ms  p
 
  1 0.2447581261528E+00 0.100661809179E-01 -.817060364239E+01 0.00000000000E+00   0   1   0   0
  2 0.2448120062021E+00 0.604477472547E-04 0.679791565676E+02 0.10000000000E-05
  3 0.3435684141408E-01 0.486167471888E-04 0.812622231321E+02 0.76351272804E-08  -1   1   0   0
  4 0.2447109051108E+00 0.611998506452E-04 0.719059597343E+02 0.10000000000E-05
  5 0.4551594102238E+00 0.485908390572E-04 0.823860613545E+02 0.69674486458E-08   1   1   0   0
  6 -.3435685557333E-01 0.388595567904E-04 0.836085278521E+02 0.65241260450E-08   1  -1   0   0
  7 -.4551594012471E+00 0.370398985475E-04 -.875200644026E+02 0.20092514041E-08  -1  -1   0   0
  8 0.2448524389254E+00 0.212921518728E-04 0.102975468424E+03 0.10000000000E-05
  9 0.1760444043709E+00 0.131119233736E-04 0.177113619742E+03 0.23683442013E-07   2  -1   0   0
 10 0.2446589204907E+00 0.121051703942E-04 0.801136135641E+02 0.10000000000E-05
 11 0.2449019364723E+00 0.772289665240E-05 0.104852305329E+03 0.10000000000E-05
 12 0.2448071038587E+00 0.474405516164E-05 0.861675663410E+02 0.10000000000E-05
 13 0.2446099097625E+00 0.510274003492E-05 0.768673938786E+02 0.10000000000E-05
 14 0.2449486826362E+00 0.412900839360E-05 0.116487765079E+03 0.10000000000E-05
 15 0.2445580227657E+00 0.262552291081E-05 0.838122038220E+02 0.10000000000E-05
 16 0.2450000563394E+00 0.222670000762E-05 0.111470883956E+03 0.10000000000E-05
 17 0.2445068277593E+00 0.165377936943E-05 0.882263492112E+02 0.10000000000E-05
 18 0.2657255203899E+00 0.151211745361E-05 -.175958920389E+03 0.10115176763E-06   0  -3   0  -1
 19 0.2446985742168E+00 0.175475928255E-05 0.116532791728E+03 0.10000000000E-05
 20 0.2450496749046E+00 0.142942648248E-05 0.112711804743E+03 0.10000000000E-05
 21 0.2447504545916E+00 0.121293522337E-05 0.110375791316E+03 0.10000000000E-05
 22 0.2444596215609E+00 0.125145125125E-05 0.783273461327E+02 0.10000000000E-05
 23 0.2448507301032E+00 0.134968691143E-05 0.109347856325E+03 0.10000000000E-05
 24 0.2450970281216E+00 0.990940038357E-06 0.122030603312E+03 0.10000000000E-05
 25 0.2446591445631E+00 0.117091804813E-05 0.787248913540E+02 0.10000000000E-05
 26 0.2449046961525E+00 0.816388393522E-06 0.950990448911E+02 0.10000000000E-05
 27 0.2444130261889E+00 0.899654829486E-06 0.663196429118E+02 0.10000000000E-05
 28 -.2447581812362E+00 0.451442485327E-06 0.184965342565E+02 0.55083439227E-07   0  -1   0   0
 29 0.2448090362674E+00 0.451265128032E-06 0.794884352663E+02 0.10000000000E-05
 30 0.2451456556635E+00 0.724422695579E-06 0.126816335902E+03 0.10000000000E-05
 31 0.2443619044658E+00 0.598957027687E-06 0.704743644443E+02 0.10000000000E-05
 32 0.2451972918317E+00 0.500685327438E-06 0.120844641137E+03 0.10000000000E-05
 33 -.1760443649271E+00 0.452356836439E-06 0.170355476340E+03 0.63127318817E-07  -2   1   0   0
 34 0.2446099174511E+00 0.498192172411E-06 0.755703463472E+02 0.10000000000E-05
 35 0.2443119473202E+00 0.443226862906E-06 0.704888714609E+02 0.10000000000E-05
 36 0.2452481397889E+00 0.390433772230E-06 0.117703888192E+03 0.10000000000E-05
 37 0.3430304682727E-01 0.393557291264E-06 -.175842426888E+03 0.10000000000E-05
 38 0.2447024550367E+00 0.362942698211E-06 0.103275881974E+03 0.10000000000E-05
 39 0.2442610916027E+00 0.341804806432E-06 0.736492665750E+02 0.10000000000E-05
 40 0.3440443566908E-01 0.392585324076E-06 -.178715637038E+03 0.10000000000E-05
 41 -.3430314009683E-01 0.314291692641E-06 -.206326165367E+02 0.10000000000E-05
 42 0.2452984245765E+00 0.312983159260E-06 0.116566038830E+03 0.10000000000E-05
 43 0.2445614382475E+00 0.329263666782E-06 0.706907090673E+02 0.10000000000E-05
 44 0.2445079073311E+00 0.305736597583E-06 0.839155705924E+02 0.10000000000E-05
 45 0.2449487849720E+00 0.368432795024E-06 0.116744147567E+03 0.10000000000E-05
 46 -.3440417316745E-01 0.314107043825E-06 -.151064819353E+02 0.10000000000E-05
 47 -.2657255999931E+00 0.285263565946E-06 0.152774525622E+03 0.21548530738E-07   0   3   0   1
 48 0.2442133953292E+00 0.281383300526E-06 0.656990472228E+02 0.10000000000E-05
 49 0.2450551601703E+00 0.275175659657E-06 0.935913338533E+02 0.10000000000E-05
 50 0.2450044214845E+00 0.248475952703E-06 0.963195316685E+02 0.10000000000E-05
 51 0.2453447470215E+00 0.277206804999E-06 0.129480850723E+03 0.10000000000E-05
 52 0.2451009064207E+00 0.246883998762E-06 0.109081006830E+03 0.10000000000E-05
 53 0.4552117887672E+00 0.205360542210E-06 0.162231783824E+03 0.10000000000E-05
 54 0.2447531830450E+00 0.221852479101E-06 0.100933682322E+03 0.10000000000E-05
 55 0.2444588828502E+00 0.219899250280E-06 0.803483437155E+02 0.10000000000E-05
 56 0.3134719317959E+00 0.158824231588E-06 -.129746121236E+02 0.10754469015E-06  -2   3   0   0
 57 0.2449151443720E+00 0.203256327060E-06 0.578762220480E+02 0.10000000000E-05
 58 0.2448588094970E+00 0.185917973894E-06 0.806652833647E+02 0.10000000000E-05
 59 -.4761268040944E+00 0.152237716668E-06 0.761959374710E+02 0.94550828056E-07  -1   3   0   1
 60 0.3344395107779E+00 0.202070737326E-06 0.177723902303E+03 0.19113782335E-06  -2  -1   0  -1
 61 -.4552117607045E+00 0.156133581060E-06 -.169686523867E+03 0.10000000000E-05
 62 0.2441657808433E+00 0.229551177759E-06 0.574351563602E+02 0.10000000000E-05
 63 0.4551109206629E+00 0.183009771696E-06 0.169132205054E+03 0.10000000000E-05
 64 0.4761268500193E+00 0.122391890694E-06 -.837299467476E+02 0.48625861337E-07   1  -3   0  -1
 65 0.1760978800523E+00 0.129825660319E-06 0.721734335507E+02 0.10000000000E-05
 66 0.3864456140266E+00 0.167904454097E-06 -.956450637125E+02 0.91131353797E-07   3  -1   0   0
 67 0.2454514436580E+00 0.193492604866E-06 0.105793603935E+03 0.10000000000E-05
 68 0.2453997183313E+00 0.211083240185E-06 0.111998092277E+03 0.10000000000E-05
 69 0.2454925661286E+00 0.184201383685E-06 0.136890286743E+03 0.10000000000E-05
 70 0.2455450666494E+00 0.128971018429E-06 0.127794698274E+03 0.10000000000E-05
 71 0.2441142733639E+00 0.174423187568E-06 0.628700482378E+02 0.10000000000E-05
 72 0.2440626028051E+00 0.139237615923E-06 0.689300226003E+02 0.10000000000E-05
 73 0.1759981269690E+00 0.138590583817E-06 0.767427141176E+02 0.10000000000E-05
 74 0.2440110631610E+00 0.116996253727E-06 0.744798120021E+02 0.10000000000E-05
 75 -.4551105995169E+00 0.139110767675E-06 -.172671915084E+03 0.10000000000E-05
 76 0.2446578012896E+00 0.201437925839E-06 0.838994401604E+02 0.10000000000E-05
 77 0.3426256207063E-01 0.137619371507E-06 0.149556502533E+03 0.10000000000E-05
 78 0.2439609504743E+00 0.102423914562E-06 0.750836799720E+02 0.10000000000E-05
 79 0.2455956518309E+00 0.113253069607E-06 0.125745207849E+03 0.10000000000E-05
 80 0.2446068443775E+00 0.109143377622E-06 0.872224872376E+02 0.10000000000E-05
 81 0.2449457308688E+00 0.971622077833E-07 0.127978008005E+03 0.10000000000E-05
 82 -.3426259849269E-01 0.109931440363E-06 0.120029973786E+02 0.10000000000E-05
 83 0.2451478943657E+00 0.144620186906E-06 0.120578422646E+03 0.10000000000E-05
 84 0.2451974941709E+00 0.104780308999E-06 0.121714025259E+03 0.10000000000E-05
 85 0.2448046603749E+00 0.941793490572E-07 0.944184854349E+02 0.10000000000E-05
 86 0.2452469632924E+00 0.802737304135E-07 0.123270185278E+03 0.10000000000E-05
 87 0.2453015741428E+00 0.767479823542E-07 0.106551815790E+03 0.10000000000E-05
 88 0.2439121121986E+00 0.952304545184E-07 0.711567934749E+02 0.10000000000E-05
 89 0.2444126414718E+00 0.136223127577E-06 0.659933978686E+02 0.10000000000E-05
 90 0.2447056421025E+00 0.896867261731E-07 0.923062040798E+02 0.10000000000E-05
 91 0.2443635521600E+00 0.101003895230E-06 0.631947938199E+02 0.10000000000E-05
 92 0.2443126476310E+00 0.770104647509E-07 0.665297725240E+02 0.10000000000E-05
 93 0.2442599278687E+00 0.723530189219E-07 0.768907398141E+02 0.10000000000E-05
 94 0.4552530251298E+00 0.679173583077E-07 -.168071351818E+03 0.10000000000E-05
 95 0.2456408581604E+00 0.109323786907E-06 0.142515980599E+03 0.10000000000E-05
 96 0.2450546169320E+00 0.870671049055E-07 0.953842258001E+02 0.10000000000E-05
 97 0.2450050233975E+00 0.733665527796E-07 0.939885673344E+02 0.10000000000E-05
 98 0.2450989013188E+00 0.757573574536E-07 0.116235476009E+03 0.10000000000E-05
 99 -.3344394255801E+00 0.826097612340E-07 0.115454217195E+02 0.10594010358E-06   2   1   0   1
100 0.2456908528772E+00 0.867075850226E-07 0.142324114437E+03 0.10000000000E-05
 
 NO S SIGNAL
 
 
 
 ANALYSIS OF X SIGNAL, CASE:           2
 TUNE X =   0.210438728799458     
 
        Line Frequency      Amplitude             Phase             Error         mx  my  ms  p
 
  1 0.2104387287995E+00 0.100411177422E-01 0.739884973794E+00 0.00000000000E+00   1   0   0   0
  2 0.2103870617903E+00 0.168578917375E-03 -.834625511391E+02 0.10000000000E-05
  3 0.4208774621072E+00 0.139196581089E-03 -.872601020211E+02 0.45083191624E-08   2   0   0   0
  4 0.2104874134234E+00 0.144804895216E-03 -.848469802811E+02 0.10000000000E-05
  5 -.4208774591771E+00 0.933566042603E-04 0.873611010653E+02 0.15782132268E-08  -2   0   0   0
  6 0.4895954794717E+00 0.986691865338E-04 0.748988662883E+02 0.12505324165E-07   0   2   0   0
  7 -.4895954646730E+00 0.940005887140E-04 -.737668635778E+02 0.22933889787E-08   0  -2   0   0
  8 0.2103454737698E+00 0.540006109416E-04 -.115356077688E+03 0.10000000000E-05
  9 -.2941393546514E-07 0.306193553050E-04 -.900144598336E+02 0.29413935465E-07   0   0   0   0
 10 0.2105389699356E+00 0.305469771212E-04 -.929937589136E+02 0.10000000000E-05
 11 0.2102958261839E+00 0.195531679433E-04 -.116841802585E+03 0.10000000000E-05
 12 0.2103897642493E+00 0.114008991173E-04 -.948058488176E+02 0.10000000000E-05
 13 0.2105879994100E+00 0.129334502326E-04 -.902488647975E+02 0.10000000000E-05
 14 0.2102487855289E+00 0.104807327585E-04 -.127332846071E+03 0.10000000000E-05
 15 0.2106398475719E+00 0.669120768355E-05 -.972590248816E+02 0.10000000000E-05
 16 0.2101975257919E+00 0.570923504434E-05 -.122633445742E+03 0.10000000000E-05
 17 -.2791567427320E+00 0.508415935161E-05 -.163191380048E+03 0.45650295211E-08   1  -2   0   0
 18 0.4208258218537E+00 0.468275618941E-05 -.171882490014E+03 0.10000000000E-05
 19 0.4895426934425E+00 0.492655830376E-05 0.175919136354E+03 0.10000000000E-05
 20 0.4896434715027E+00 0.456621174018E-05 0.172817579430E+03 0.10000000000E-05
 21 -.4895427801057E+00 0.468760239463E-05 -.174041353133E+03 0.10000000000E-05
 22 0.2106910091637E+00 0.422736106944E-05 -.101693057363E+03 0.10000000000E-05
 23 -.4896433766413E+00 0.435408265144E-05 -.172257883307E+03 0.10000000000E-05
 24 0.3686837520659E+00 0.499890483882E-05 0.175843646821E+03 0.61535693430E-07  -3   0   0  -1
 25 0.2101463978312E+00 0.369476420596E-05 -.118407320621E+03 0.10000000000E-05
 26 0.2104994614627E+00 0.443482008936E-05 -.129146823138E+03 0.10000000000E-05
 27 0.2104470509902E+00 0.369748166743E-05 -.121748195754E+03 0.10000000000E-05
 28 0.4209260297881E+00 0.402281072641E-05 -.172476840575E+03 0.10000000000E-05
 29 -.4208258141865E+00 0.313914413035E-05 0.171904590171E+03 0.10000000000E-05
 30 0.2999658062338E+00 0.267639255452E-05 -.165712379608E+03 0.19997130618E-08  -1  -2   0  -1
 31 0.2103462225290E+00 0.342045386222E-05 -.118678604023E+03 0.10000000000E-05
 32 0.2107368663529E+00 0.328177984547E-05 -.872411016905E+02 0.10000000000E-05
 33 -.4209261226802E+00 0.269786438869E-05 0.173059737965E+03 0.10000000000E-05
 34 0.2791567128742E+00 0.227855569338E-05 -.357372519772E+02 0.25292751393E-07  -1   2   0   0
 35 0.2101015913589E+00 0.269693533894E-05 -.136522733084E+03 0.10000000000E-05
 36 -.3686837841418E+00 0.254009206349E-05 -.176325425022E+03 0.29459795159E-07   3   0   0   1
 37 0.2105382848004E+00 0.290684776176E-05 -.894721663803E+02 0.10000000000E-05
 38 0.4895016815280E+00 0.166445338101E-05 0.148727464456E+03 0.10000000000E-05
 39 -.4895016914574E+00 0.157742202796E-05 -.146695996853E+03 0.10000000000E-05
 40 0.4207842314748E+00 0.150491581201E-05 0.154304950214E+03 0.10000000000E-05
 41 0.2107855404096E+00 0.218512406548E-05 -.829481557650E+02 0.10000000000E-05
 42 0.2102940275251E+00 0.212364731020E-05 -.110836773628E+03 0.10000000000E-05
 43 0.2108368782228E+00 0.149551358369E-05 -.880307056779E+02 0.10000000000E-05
 44 0.2100523004022E+00 0.186161618369E-05 -.138777519118E+03 0.10000000000E-05
 45 -.2104386833744E+00 0.107214191890E-05 0.289264878615E+01 0.45425014944E-07  -1   0   0   0
 46 0.2108883303524E+00 0.113683346789E-05 -.933378737861E+02 0.10000000000E-05
 47 0.2100004485228E+00 0.127367182067E-05 -.131919845455E+03 0.10000000000E-05
 48 0.2103886509354E+00 0.110219663876E-05 -.911721486717E+02 0.10000000000E-05
 49 0.2105887332904E+00 0.126188515829E-05 -.903332197246E+02 0.10000000000E-05
 50 -.4207842220206E+00 0.100733534721E-05 -.154364176696E+03 0.10000000000E-05
 51 0.2099500505040E+00 0.100437004056E-05 -.130182210551E+03 0.10000000000E-05
 52 0.2109362973637E+00 0.931126797024E-06 -.866346509656E+02 0.10000000000E-05
 53 0.4896951174542E+00 0.940622168582E-06 0.174393631984E+03 0.10000000000E-05
 54 -.4896950537942E+00 0.893094078978E-06 -.174218926965E+03 0.10000000000E-05
 55 0.2104959987739E+00 0.909997032356E-06 -.118320619191E+03 0.10000000000E-05
 56 0.2098996757086E+00 0.795834814937E-06 -.128575528824E+03 0.10000000000E-05
 57 0.2106357443123E+00 0.877943348061E-06 -.809850428664E+02 0.10000000000E-05
 58 0.2106910822797E+00 0.833083855270E-06 -.101190654817E+03 0.10000000000E-05
 59 0.3309455143419E-04 0.114394259677E-05 0.607744498840E+02 0.10000000000E-05
 60 0.4209776155053E+00 0.843528297111E-06 0.177117445763E+03 0.10000000000E-05
 61 -.2912637118365E-04 0.915037240831E-06 0.104766978513E+03 0.10000000000E-05
 62 0.2109838740011E+00 0.744267391756E-06 -.786732663009E+02 0.10000000000E-05
 63 0.2102493556749E+00 0.869190890778E-06 -.130969087584E+03 0.10000000000E-05
 64 0.2101437833694E+00 0.732533570656E-06 -.109499195438E+03 0.10000000000E-05
 65 0.2098523440872E+00 0.685310402990E-06 -.137525206803E+03 0.10000000000E-05
 66 0.1582455375828E+00 0.628612813644E-06 0.815649033784E+02 0.45278063254E-06  -4   0   0  -1
 67 0.2101918381448E+00 0.558988795729E-06 -.103844908476E+03 0.10000000000E-05
 68 0.2100973228049E+00 0.601408454498E-06 -.123496232380E+03 0.10000000000E-05
 69 0.1896289173482E+00 0.488682539811E-06 -.287315825899E+02 0.74538408823E-06   1   4   0   1
 70 0.2312491426752E+00 0.486178372376E-06 -.152485723459E+03 0.10000000000E-05
 71 -.4209775772567E+00 0.570856592131E-06 -.176953465111E+03 0.10000000000E-05
 72 0.4894521218746E+00 0.603906936875E-06 0.148281161444E+03 0.10000000000E-05
 73 0.6871802990778E-01 0.446520362235E-06 -.107431836054E+03 0.20540292023E-07  -2   2   0   0
 74 -.2999659088547E+00 0.521176700471E-06 0.170028683484E+03 0.10462057998E-06   1   2   0   1
 75 0.2104438435115E+00 0.552222268316E-06 -.111195663999E+03 0.10000000000E-05
 76 0.2103446322787E+00 0.645374541540E-06 -.113355087478E+03 0.10000000000E-05
 77 -.4894521443520E+00 0.572680724729E-06 -.145725549248E+03 0.10000000000E-05
 78 0.2080912813737E-01 0.393716576968E-06 -.601920094867E+02 0.62070182993E-07   0  -4   0  -1
 79 -.2080920243054E-01 0.381835766118E-06 -.121971178153E+03 0.13636335394E-06   0   4   0   1
 80 0.4207346631957E+00 0.545913559968E-06 0.152046332456E+03 0.10000000000E-05
 81 0.4897464579142E+00 0.392485777728E-06 0.171204766443E+03 0.10000000000E-05
 82 0.2110331434588E+00 0.602179943966E-06 -.763757705728E+02 0.10000000000E-05
 83 0.2107381615856E+00 0.455682145928E-06 -.895662645590E+02 0.10000000000E-05
 84 0.4210288827086E+00 0.354905347296E-06 0.171641419212E+03 0.10000000000E-05
 85 0.6356633306108E-04 0.323844754061E-06 0.131114549375E+03 0.10000000000E-05
 86 -.4897463866245E+00 0.372542838281E-06 -.171432326747E+03 0.10000000000E-05
 87 0.2098048512144E+00 0.572744893227E-06 -.146015893116E+03 0.10000000000E-05
 88 0.2110834085078E+00 0.469136138458E-06 -.777119349278E+02 0.10000000000E-05
 89 0.2111352183345E+00 0.370014807261E-06 -.842987419635E+02 0.10000000000E-05
 90 -.2791037119560E+00 0.329642422963E-06 0.949358352044E+02 0.10000000000E-05
 91 0.4208315927759E+00 0.322433129706E-06 0.162886696681E+03 0.10000000000E-05
 92 0.4895490867912E+00 0.355889789772E-06 0.158140044654E+03 0.10000000000E-05
 93 0.2097533474690E+00 0.431835092234E-06 -.140505287683E+03 0.10000000000E-05
 94 0.2102904225221E+00 0.418722765165E-06 -.979927588826E+02 0.10000000000E-05
 95 0.2097024022221E+00 0.355598598228E-06 -.136893606250E+03 0.10000000000E-05
 96 0.2111858228680E+00 0.320161693678E-06 -.865755629162E+02 0.10000000000E-05
 97 -.4895495011159E+00 0.346437037038E-06 -.154384500637E+03 0.10000000000E-05
 98 0.2105392191522E+00 0.517709316111E-06 -.934110893646E+02 0.10000000000E-05
 99 0.2096517536142E+00 0.305402941093E-06 -.134410929283E+03 0.10000000000E-05
100 0.2105893817291E+00 0.292016798166E-06 -.939945114475E+02 0.10000000000E-05
 
 ANALYSIS OF Y SIGNAL, CASE:           2
 TUNE Y =   0.244797733483203     
 
        Line Frequency      Amplitude             Phase             Error         mx  my  ms  p
 
  1 0.2447977334832E+00 0.100468603023E-01 -.127011615813E+02 0.00000000000E+00   0   1   0   0
  2 0.2447450510676E+00 0.250076414188E-03 0.872578938838E+02 0.10000000000E-05
  3 0.3435900642494E-01 0.146204328256E-03 0.752884681439E+02 0.17411918574E-08  -1   1   0   0
  4 0.2448456984741E+00 0.232275913768E-03 0.851147231962E+02 0.10000000000E-05
  5 -.3435900921913E-01 0.116883780491E-03 0.932835835850E+02 0.45353871492E-08   1  -1   0   0
  6 0.4552364653620E+00 0.146470063233E-03 0.792793488820E+02 0.30793558814E-08   1   1   0   0
  7 -.4552364704133E+00 0.111070404605E-03 -.873611285098E+02 0.81305973620E-08  -1  -1   0   0
  8 0.2447039846093E+00 0.837977399076E-04 0.575004068816E+02 0.10000000000E-05
  9 0.2448974732037E+00 0.475225541647E-04 0.827069047144E+02 0.10000000000E-05
 10 0.2447571429544E+00 0.178883755143E-04 0.458005567190E+02 0.10000000000E-05
 11 0.2446574129378E+00 0.301437849090E-04 0.454321443106E+02 0.10000000000E-05
 12 0.2449470234600E+00 0.210559826763E-04 0.852897062990E+02 0.10000000000E-05
 13 0.2656065359510E+00 0.150364267429E-04 -.160618135514E+03 0.26359943917E-06   0  -3   0  -1
 14 0.2449992777570E+00 0.110009682533E-04 0.776293762296E+02 0.10000000000E-05
 15 0.2446059917985E+00 0.135532355289E-04 0.504731753602E+02 0.10000000000E-05
 16 0.2450493596971E+00 0.728776555798E-05 0.777428452512E+02 0.10000000000E-05
 17 0.2445540943451E+00 0.773704751279E-05 0.571087971537E+02 0.10000000000E-05
 18 0.2447969449783E+00 0.933415231539E-05 0.836808417664E+02 0.78850492424E-06   0   1   0   0
 19 0.3430554824839E-01 0.582764345676E-05 0.178376778719E+03 0.10000000000E-05
 20 0.3440644769824E-01 0.575216353940E-05 0.175199665643E+03 0.10000000000E-05
 21 0.2445045731801E+00 0.535491984888E-05 0.549946499995E+02 0.10000000000E-05
 22 0.2448495613564E+00 0.746915043822E-05 0.726290848201E+02 0.10000000000E-05
 23 -.3430552155176E-01 0.466083497120E-05 -.994242175252E+01 0.10000000000E-05
 24 0.2446982875310E+00 0.495927120402E-05 0.796775000016E+02 0.10000000000E-05
 25 -.3440646969179E-01 0.459510941533E-05 -.644125086278E+01 0.10000000000E-05
 26 0.2447523495866E+00 0.356686865479E-05 0.651159442797E+02 0.10000000000E-05
 27 -.1760797126060E+00 0.323111674313E-05 0.163779255497E+03 0.11509682235E-07  -2   1   0   0
 28 0.2444584224978E+00 0.400735429617E-05 0.403435456754E+02 0.10000000000E-05
 29 0.2450913287843E+00 0.553355813371E-05 0.107697043957E+03 0.10000000000E-05
 30 0.2448980577538E+00 0.353126657549E-05 0.788302812191E+02 0.10000000000E-05
 31 0.2451420515040E+00 0.321026628623E-05 0.105769707897E+03 0.10000000000E-05
 32 0.2451950427121E+00 0.211380675239E-05 0.952899208169E+02 0.10000000000E-05
 33 0.2446589841810E+00 0.301404117510E-05 0.416985783380E+02 0.10000000000E-05
 34 -.2447978590195E+00 0.163210035290E-05 0.804112958456E+01 0.12553634510E-06   0  -1   0   0
 35 0.2444103494139E+00 0.286451048077E-05 0.329458609155E+02 0.10000000000E-05
 36 0.2452457842436E+00 0.170005725974E-05 0.928532427054E+02 0.10000000000E-05
 37 0.2450572387164E+00 0.168953212086E-05 0.490496460376E+02 0.10000000000E-05
 38 0.2443592144044E+00 0.195007242383E-05 0.366229702604E+02 0.10000000000E-05
 39 0.3426489733694E-01 0.202041820477E-05 0.148506214058E+03 0.10000000000E-05
 40 0.2452949865306E+00 0.143002200527E-05 0.962940867261E+02 0.10000000000E-05
 41 0.2443075475604E+00 0.145588211188E-05 0.424300100413E+02 0.10000000000E-05
 42 -.2656067252543E+00 0.120469448582E-05 0.148561574332E+03 0.74296122476E-07   0   3   0   1
 43 -.3426486667300E-01 0.161693497352E-05 0.199071157669E+02 0.10000000000E-05
 44 0.2655539408791E+00 0.109505715725E-05 0.121198895840E+03 0.10000000000E-05
 45 0.4551815059364E+00 0.119250465839E-05 -.172536142752E+03 0.10000000000E-05
 46 0.4552837936876E+00 0.127006152244E-05 0.178943433465E+03 0.10000000000E-05
 47 0.2442560066746E+00 0.115490931310E-05 0.478206637504E+02 0.10000000000E-05
 48 0.2446978470766E+00 0.100312305612E-05 0.809627679909E+02 0.10000000000E-05
 49 0.1760796596440E+00 0.841893723703E-06 -.144601787134E+03 0.64471732647E-07   2  -1   0   0
 50 0.2446080948208E+00 0.131712455937E-05 0.442610226735E+02 0.10000000000E-05
 51 0.2445568232993E+00 0.114389784887E-05 0.475127937516E+02 0.10000000000E-05
 52 0.2445027427982E+00 0.102508336553E-05 0.624749456151E+02 0.10000000000E-05
 53 0.3343247921855E+00 0.108222835236E-05 0.179831694733E+03 0.16732393471E-07  -2  -1   0  -1
 54 -.4551817340514E+00 0.903981051311E-06 0.164664651162E+03 0.10000000000E-05
 55 -.4552832999829E+00 0.968469871162E-06 0.171787334826E+03 0.10000000000E-05
 56 0.2442099818272E+00 0.992792894637E-06 0.318741851352E+02 0.10000000000E-05
 57 0.2656541913871E+00 0.110530517046E-05 0.111777148153E+03 0.10000000000E-05
 58 0.2450044628372E+00 0.107225376039E-05 0.573368603460E+02 0.10000000000E-05
 59 0.2453428189440E+00 0.123139706294E-05 0.104629980041E+03 0.10000000000E-05
 60 0.2450975284461E+00 0.113155198456E-05 0.814842480480E+02 0.10000000000E-05
 61 0.2447410556310E+00 0.101706122953E-05 0.106840799435E+03 0.10000000000E-05
 62 0.2444518547669E+00 0.771573576715E-06 0.680430653271E+02 0.10000000000E-05
 63 0.3445829627030E-01 0.115771764061E-05 0.175334298494E+03 0.10000000000E-05
 64 0.2449573706397E+00 0.877265504882E-06 0.424133317208E+02 0.10000000000E-05
 65 0.2448555150257E+00 0.765307855897E-06 0.531252579727E+02 0.10000000000E-05
 66 0.2447980695983E+00 0.750897425910E-06 0.807394279182E+02 0.33611512626E-06   0   1   0   0
 67 0.2453898451862E+00 0.101371050826E-05 0.116242742778E+03 0.10000000000E-05
 68 -.3445831880913E-01 0.924814868197E-06 -.644049384116E+01 0.10000000000E-05
 69 0.3421538944468E-01 0.731210337448E-06 0.147287573062E+03 0.10000000000E-05
 70 0.2454414416240E+00 0.739930165304E-06 0.110897448544E+03 0.10000000000E-05
 71 0.2441622771105E+00 0.857207525934E-06 0.231975745739E+02 0.10000000000E-05
 72 0.3431025233233E-01 0.450679523956E-06 0.164911937805E+03 0.10000000000E-05
 73 0.2454929556906E+00 0.601722457045E-06 0.105485984113E+03 0.10000000000E-05
 74 0.2446500312842E+00 0.652472997886E-06 0.753102963905E+02 0.10000000000E-05
 75 0.2451431428350E+00 0.738177112307E-06 0.961159606498E+02 0.10000000000E-05
 76 0.2451938737854E+00 0.557916186816E-06 0.953274245827E+02 0.10000000000E-05
 77 -.3421533564144E-01 0.585657353182E-06 0.210259664247E+02 0.10000000000E-05
 78 0.4551415547367E+00 0.433528767358E-06 0.152122233231E+03 0.10000000000E-05
 79 0.2455407345714E+00 0.514799596691E-06 0.115077542263E+03 0.10000000000E-05
 80 0.2447073106083E+00 0.468406755847E-06 0.464405216622E+02 0.10000000000E-05
 81 0.2441124278019E+00 0.681231052490E-06 0.222435037142E+02 0.10000000000E-05
 82 0.2450519849933E+00 0.485020559273E-06 0.681598563379E+02 0.10000000000E-05
 83 0.2440614074750E+00 0.534255528179E-06 0.254956909103E+02 0.10000000000E-05
 84 0.2239872772088E+00 0.398095076751E-06 0.140275690749E+03 0.10000000000E-05
 85 0.2452436166255E+00 0.461546145886E-06 0.975938790574E+02 0.10000000000E-05
 86 0.3450729449011E-01 0.488052667660E-06 -.179076568028E+03 0.10000000000E-05
 87 -.3431010945720E-01 0.357948130736E-06 0.257449573339E+01 0.10000000000E-05
 88 0.3416867572464E-01 0.390416285568E-06 0.135002531893E+03 0.10000000000E-05
 89 0.2440100959220E+00 0.441899275167E-06 0.300503821105E+02 0.10000000000E-05
 90 0.2655132645909E+00 0.368597179403E-06 0.833439510279E+02 0.10000000000E-05
 91 -.4551417627359E+00 0.329119388466E-06 -.160994106965E+03 0.10000000000E-05
 92 0.5516764978248E-01 0.306296925066E-06 -.713317045607E+02 0.42096845521E-06  -1  -3   0  -1
 93 -.3450734336344E-01 0.389293711048E-06 -.117686125011E+02 0.10000000000E-05
 94 0.2455903019172E+00 0.440232165003E-06 0.116914383488E+03 0.10000000000E-05
 95 0.2452971346343E+00 0.368756477760E-06 0.843650519732E+02 0.10000000000E-05
 96 0.2444083555598E+00 0.515440684648E-06 0.457332829005E+02 0.10000000000E-05
 97 0.2448986245023E+00 0.438259649470E-06 0.790101732296E+02 0.10000000000E-05
 98 0.2439608095956E+00 0.389652974263E-06 0.266883750729E+02 0.10000000000E-05
 99 0.2450013149345E+00 0.332251991119E-06 0.696128996234E+02 0.10000000000E-05
100 -.4760453308534E+00 0.366694083508E-06 0.579382403258E+02 0.19749640412E-06  -1   3   0   1
 
 NO S SIGNAL
 
 
