#Turn	Emit_x
-1	3.896708e-06
0	3.937197e-06
1	3.938162e-06
2	3.853752e-06
3	3.864804e-06
4	3.900637e-06
5	3.811434e-06
6	3.807736e-06
7	3.873351e-06
8	3.794240e-06
9	3.793403e-06
10	3.873158e-06
11	3.812306e-06
12	3.829291e-06
13	3.899102e-06
14	3.855326e-06
15	3.899703e-06
16	3.932971e-06
17	3.897950e-06
18	3.974339e-06
19	3.949705e-06
20	3.913887e-06
21	4.023918e-06
22	3.931771e-06
23	3.891003e-06
24	4.034417e-06
25	3.879473e-06
26	3.838928e-06
27	4.012454e-06
28	3.811349e-06
29	3.784845e-06
30	3.979405e-06
31	3.754468e-06
32	3.759814e-06
33	3.958166e-06
34	3.730172e-06
35	3.783187e-06
36	3.960214e-06
37	3.743155e-06
38	3.853335e-06
39	3.979794e-06
40	3.779559e-06
41	3.948925e-06
42	3.997744e-06
43	3.814786e-06
44	4.039412e-06
45	3.992298e-06
46	3.826652e-06
47	4.099037e-06
48	3.950960e-06
49	3.806993e-06
50	4.117410e-06
51	3.877327e-06
52	3.765850e-06
53	4.101927e-06
54	3.789659e-06
55	3.726495e-06
56	4.071734e-06
57	3.712404e-06
58	3.714361e-06
59	4.047145e-06
60	3.665348e-06
61	3.745668e-06
62	4.040050e-06
63	3.655698e-06
64	3.820956e-06
65	4.049491e-06
66	3.676290e-06
67	3.925634e-06
68	4.063499e-06
69	3.709928e-06
70	4.036321e-06
71	4.065418e-06
72	3.737293e-06
73	4.129662e-06
74	4.041449e-06
75	3.744748e-06
76	4.189921e-06
77	3.986201e-06
78	3.728956e-06
79	4.212763e-06
80	3.904362e-06
81	3.696952e-06
82	4.204510e-06
83	3.808445e-06
84	3.662423e-06
85	4.178068e-06
86	3.714154e-06
87	3.640303e-06
88	4.147734e-06
89	3.635535e-06
90	3.642021e-06
91	4.124933e-06
92	3.581650e-06
93	3.672861e-06
94	4.116012e-06
95	3.555424e-06
96	3.731718e-06
97	4.122113e-06
98	3.554409e-06
99	3.812583e-06
100	4.140495e-06
101	3.572648e-06
102	3.906827e-06
103	4.166425e-06
104	3.602788e-06
105	4.005416e-06
106	4.194956e-06
107	3.637842e-06
108	4.100565e-06
109	4.222183e-06
110	3.672308e-06
111	4.186640e-06
112	4.245890e-06
113	3.702618e-06
114	4.260385e-06
115	4.265650e-06
116	3.727102e-06
117	4.320668e-06
118	4.282594e-06
119	3.745670e-06
120	4.367970e-06
121	4.299035e-06
122	3.759432e-06
123	4.403840e-06
124	4.318085e-06
125	3.770380e-06
126	4.430404e-06
127	4.343366e-06
128	3.781200e-06
129	4.450002e-06
130	4.378781e-06
131	3.795173e-06
132	4.464904e-06
133	4.428268e-06
134	3.816059e-06
135	4.476999e-06
136	4.495378e-06
137	3.847801e-06
138	4.487305e-06
139	4.582454e-06
140	3.893854e-06
141	4.495139e-06
142	4.689198e-06
143	3.956017e-06
144	4.496906e-06
145	4.810559e-06
146	4.032896e-06
147	4.484876e-06
148	4.934359e-06
149	4.118672e-06
150	4.447087e-06
151	5.039998e-06
152	4.203550e-06
153	4.370429e-06
154	5.100692e-06
155	4.277721e-06
156	4.249011e-06
157	5.091985e-06
158	4.339836e-06
159	4.096929e-06
160	5.006370e-06
161	4.407422e-06
162	3.957164e-06
163	4.865084e-06
164	4.518901e-06
165	3.891265e-06
166	4.707059e-06
167	4.707609e-06
168	3.941219e-06
169	4.546811e-06
170	4.940947e-06
171	4.087248e-06
172	4.351493e-06
173	5.093413e-06
174	4.260105e-06
175	4.108593e-06
176	5.050287e-06
177	4.427123e-06
178	3.913454e-06
179	4.843057e-06
180	4.655405e-06
181	3.907361e-06
182	4.577526e-06
183	4.963689e-06
184	4.099483e-06
185	4.258320e-06
186	5.111204e-06
187	4.347095e-06
188	3.951442e-06
189	4.935339e-06
190	4.620238e-06
191	3.887999e-06
192	4.593391e-06
193	4.987947e-06
194	4.123599e-06
195	4.172242e-06
196	5.103600e-06
197	4.435695e-06
198	3.875250e-06
199	4.807692e-06
200	4.814997e-06
201	3.988916e-06
202	4.334196e-06
203	5.124819e-06
204	4.347809e-06
205	3.905730e-06
206	4.901417e-06
207	4.748838e-06
208	3.947976e-06
209	4.377611e-06
210	5.126133e-06
211	4.343148e-06
212	3.893687e-06
213	4.891753e-06
214	4.790474e-06
215	3.978343e-06
216	4.294120e-06
217	5.137128e-06
218	4.420485e-06
219	3.851146e-06
220	4.780069e-06
221	4.927713e-06
222	4.090992e-06
223	4.102177e-06
224	5.094456e-06
225	4.572691e-06
226	3.859618e-06
227	4.545338e-06
228	5.097963e-06
229	4.288076e-06
230	3.897081e-06
231	4.919450e-06
232	4.817678e-06
233	4.008593e-06
234	4.192466e-06
235	5.128940e-06
236	4.528846e-06
237	3.844493e-06
238	4.587106e-06
239	5.090135e-06
240	4.281930e-06
241	3.890400e-06
242	4.914018e-06
243	4.840639e-06
244	4.030677e-06
245	4.145274e-06
246	5.115795e-06
247	4.571910e-06
248	3.858571e-06
249	4.511050e-06
250	5.122238e-06
251	4.339874e-06
252	3.857663e-06
253	4.844354e-06
254	4.913342e-06
255	4.091838e-06
256	4.064125e-06
257	5.079215e-06
258	4.632195e-06
259	3.887262e-06
260	4.427102e-06
261	5.139227e-06
262	4.384645e-06
263	3.845903e-06
264	4.795506e-06
265	4.946362e-06
266	4.116828e-06
267	4.048237e-06
268	5.067788e-06
269	4.630702e-06
270	3.885546e-06
271	4.453683e-06
272	5.127392e-06
273	4.345711e-06
274	3.870543e-06
275	4.860611e-06
276	4.859243e-06
277	4.034714e-06
278	4.184039e-06
279	5.121516e-06
280	4.499851e-06
281	3.846250e-06
282	4.672871e-06
283	5.004626e-06
284	4.157698e-06
285	4.048316e-06
286	5.058838e-06
287	4.584382e-06
288	3.867605e-06
289	4.577587e-06
290	5.049934e-06
291	4.201211e-06
292	4.024765e-06
293	5.036596e-06
294	4.583938e-06
295	3.870437e-06
296	4.601153e-06
297	5.015968e-06
298	4.156364e-06
299	4.103709e-06
300	5.077794e-06
301	4.491435e-06
302	3.864916e-06
303	4.736078e-06
304	4.870615e-06
305	4.027205e-06
306	4.314551e-06
307	5.114786e-06
308	4.322390e-06
309	3.963523e-06
310	4.952577e-06
311	4.594208e-06
312	3.884567e-06
313	4.633672e-06
314	4.926304e-06
315	4.068946e-06
316	4.308670e-06
317	5.105534e-06
318	4.299960e-06
319	4.022075e-06
320	4.990791e-06
321	4.493562e-06
322	3.887163e-06
323	4.752251e-06
324	4.733064e-06
325	3.951103e-06
326	4.530279e-06
327	4.981674e-06
328	4.121039e-06
329	4.322446e-06
330	5.095083e-06
331	4.275112e-06
332	4.120445e-06
333	5.034415e-06
334	4.382783e-06
335	3.963552e-06
336	4.879598e-06
337	4.488625e-06
338	3.895704e-06
339	4.724605e-06
340	4.630105e-06
341	3.923892e-06
342	4.611990e-06
343	4.796144e-06
344	4.015767e-06
345	4.536825e-06
346	4.948003e-06
347	4.126098e-06
348	4.477913e-06
349	5.054264e-06
350	4.220851e-06
351	4.419016e-06
352	5.104446e-06
353	4.284383e-06
354	4.353913e-06
355	5.104493e-06
356	4.315044e-06
357	4.283391e-06
358	5.067696e-06
359	4.318068e-06
360	4.211042e-06
361	5.007951e-06
362	4.300328e-06
363	4.140473e-06
364	4.936464e-06
365	4.267710e-06
366	4.074134e-06
367	4.860901e-06
368	4.224376e-06
369	4.013222e-06
370	4.785779e-06
371	4.172980e-06
372	3.958072e-06
373	4.713327e-06
374	4.115247e-06
375	3.908684e-06
376	4.644375e-06
377	4.052582e-06
378	3.865221e-06
379	4.579124e-06
380	3.986605e-06
381	3.828405e-06
382	4.517762e-06
383	3.919576e-06
384	3.799804e-06
385	4.460900e-06
386	3.854660e-06
387	3.781950e-06
388	4.409813e-06
389	3.795998e-06
390	3.778249e-06
391	4.366436e-06
392	3.748490e-06
393	3.792570e-06
394	4.333038e-06
395	3.717200e-06
396	3.828459e-06
397	4.311545e-06
398	3.706360e-06
399	3.887981e-06
400	4.302555e-06
401	3.718056e-06
402	3.970341e-06
403	4.304248e-06
404	3.750885e-06
405	4.070657e-06
406	4.311567e-06
407	3.799087e-06
408	4.179419e-06
409	4.316193e-06
410	3.852777e-06
411	4.283231e-06
412	4.307793e-06
413	3.899766e-06
414	4.367188e-06
415	4.276687e-06
416	3.928960e-06
417	4.418629e-06
418	4.217475e-06
419	3.934512e-06
420	4.431251e-06
421	4.132390e-06
422	3.919147e-06
423	4.407936e-06
424	4.032759e-06
425	3.894887e-06
426	4.360723e-06
427	3.937225e-06
428	3.880088e-06
429	4.307260e-06
430	3.866535e-06
431	3.893164e-06
432	4.264539e-06
433	3.836284e-06
434	3.945013e-06
435	4.242149e-06
436	3.850297e-06
437	4.033220e-06
438	4.237953e-06
439	3.897743e-06
440	4.140897e-06
441	4.238573e-06
442	3.956132e-06
443	4.241581e-06
444	4.225350e-06
445	4.000028e-06
446	4.309039e-06
447	4.183844e-06
448	4.012305e-06
449	4.328148e-06
450	4.112622e-06
451	3.992665e-06
452	4.301630e-06
453	4.026491e-06
454	3.958581e-06
455	4.248790e-06
456	3.951491e-06
457	3.937281e-06
458	4.196276e-06
459	3.913201e-06
460	3.952140e-06
461	4.165143e-06
462	3.923865e-06
463	4.010180e-06
464	4.160763e-06
465	3.975070e-06
466	4.097222e-06
467	4.170925e-06
468	4.040435e-06
469	4.183597e-06
470	4.173489e-06
471	4.087891e-06
472	4.238106e-06
473	4.149931e-06
474	4.095794e-06
475	4.243349e-06
476	4.097509e-06
477	4.064300e-06
478	4.204278e-06
479	4.032877e-06
480	4.015357e-06
481	4.145071e-06
482	3.984330e-06
483	3.980793e-06
484	4.095957e-06
485	3.976498e-06
486	3.984855e-06
487	4.077270e-06
488	4.015942e-06
489	4.030812e-06
490	4.089520e-06
491	4.085915e-06
492	4.098911e-06
493	4.114816e-06
494	4.153724e-06
495	4.156749e-06
496	4.128669e-06
497	4.187193e-06
498	4.176478e-06
499	4.115484e-06
500	4.171444e-06
501	4.149485e-06
502	4.078822e-06
503	4.116591e-06
504	4.090511e-06
505	4.040261e-06
506	4.051908e-06
507	4.029126e-06
508	4.027256e-06
509	4.009748e-06
510	3.993705e-06
511	4.056956e-06
512	4.008318e-06
513	3.996974e-06
514	4.125197e-06
515	4.042670e-06
516	4.030837e-06
517	4.206917e-06
518	4.088272e-06
519	4.072667e-06
520	4.267903e-06
521	4.114713e-06
522	4.099121e-06
523	4.281682e-06
524	4.101967e-06
525	4.099685e-06
526	4.242537e-06
527	4.050606e-06
528	4.082515e-06
529	4.167789e-06
530	3.980930e-06
531	4.069537e-06
532	4.088448e-06
533	3.922137e-06
534	4.083812e-06
535	4.033631e-06
536	3.897857e-06
537	4.136274e-06
538	4.017082e-06
539	3.915610e-06
540	4.218827e-06
541	4.032196e-06
542	3.964905e-06
543	4.307023e-06
544	4.057066e-06
545	4.023994e-06
546	4.370659e-06
547	4.066193e-06
548	4.071236e-06
549	4.386946e-06
550	4.042855e-06
551	4.095335e-06
552	4.349960e-06
553	3.986421e-06
554	4.099752e-06
555	4.272268e-06
556	3.911819e-06
557	4.099749e-06
558	4.178626e-06
559	3.842301e-06
560	4.114189e-06
561	4.095372e-06
562	3.799582e-06
563	4.156406e-06
564	4.040584e-06
565	3.795863e-06
566	4.228255e-06
567	4.018875e-06
568	3.830604e-06
569	4.319317e-06
570	4.021965e-06
571	3.892360e-06
572	4.410873e-06
573	4.033690e-06
574	3.964052e-06
575	4.482474e-06
576	4.036812e-06
577	4.029189e-06
578	4.518429e-06
579	4.018948e-06
580	4.076757e-06
581	4.511970e-06
582	3.975839e-06
583	4.103430e-06
584	4.466087e-06
585	3.911392e-06
586	4.112935e-06
587	4.391360e-06
588	3.835234e-06
589	4.113418e-06
590	4.302133e-06
591	3.759144e-06
592	4.114192e-06
593	4.212596e-06
594	3.693776e-06
595	4.123035e-06
596	4.133962e-06
597	3.646555e-06
598	4.144712e-06
599	4.073214e-06
600	3.620961e-06
601	4.180730e-06
602	4.033207e-06
603	3.616914e-06
604	4.229973e-06
605	4.013639e-06
606	3.631786e-06
607	4.289733e-06
608	4.012313e-06
609	3.661560e-06
610	4.356733e-06
611	4.026300e-06
612	3.701837e-06
613	4.427895e-06
614	4.052804e-06
615	3.748550e-06
616	4.500776e-06
617	4.089661e-06
618	3.798361e-06
619	4.573669e-06
620	4.135533e-06
621	3.848787e-06
622	4.645453e-06
623	4.189843e-06
624	3.898134e-06
625	4.715236e-06
626	4.252538e-06
627	3.945278e-06
628	4.781861e-06
629	4.323689e-06
630	3.989332e-06
631	4.843290e-06
632	4.402958e-06
633	4.029224e-06
634	4.895899e-06
635	4.488947e-06
636	4.063203e-06
637	4.933791e-06
638	4.578538e-06
639	4.088434e-06
640	4.948339e-06
641	4.666495e-06
642	4.100996e-06
643	4.928452e-06
644	4.745830e-06
645	4.096958e-06
646	4.862320e-06
647	4.809601e-06
648	4.075376e-06
649	4.741587e-06
650	4.854376e-06
651	4.043702e-06
652	4.568351e-06
653	4.884133e-06
654	4.023892e-06
655	4.363288e-06
656	4.910755e-06
657	4.052810e-06
658	4.168559e-06
659	4.945693e-06
660	4.166537e-06
661	4.033844e-06
662	4.980795e-06
663	4.367604e-06
664	3.980756e-06
665	4.969787e-06
666	4.604519e-06
667	3.978175e-06
668	4.840215e-06
669	4.804221e-06
670	3.985101e-06
671	4.557691e-06
672	4.933574e-06
673	4.036458e-06
674	4.209176e-06
675	5.006101e-06
676	4.228626e-06
677	3.980391e-06
678	5.009288e-06
679	4.547573e-06
680	3.935154e-06
681	4.834826e-06
682	4.837951e-06
683	3.974336e-06
684	4.418402e-06
685	5.005829e-06
686	4.144105e-06
687	4.012817e-06
688	5.037110e-06
689	4.514821e-06
690	3.909098e-06
691	4.824645e-06
692	4.874705e-06
693	3.986614e-06
694	4.292054e-06
695	5.051509e-06
696	4.279104e-06
697	3.913225e-06
698	4.981115e-06
699	4.736104e-06
700	3.930492e-06
701	4.493545e-06
702	5.035377e-06
703	4.185360e-06
704	3.939277e-06
705	5.023843e-06
706	4.686120e-06
707	3.912132e-06
708	4.528075e-06
709	5.043220e-06
710	4.198748e-06
711	3.915236e-06
712	5.010558e-06
713	4.743587e-06
714	3.928696e-06
715	4.398601e-06
716	5.078259e-06
717	4.314861e-06
718	3.862740e-06
719	4.915589e-06
720	4.885074e-06
721	4.004960e-06
722	4.130313e-06
723	5.091164e-06
724	4.538093e-06
725	3.865759e-06
726	4.649683e-06
727	5.042805e-06
728	4.196118e-06
729	3.884890e-06
730	4.992503e-06
731	4.824791e-06
732	3.972196e-06
733	4.185270e-06
734	5.101001e-06
735	4.526329e-06
736	3.858743e-06
737	4.633110e-06
738	5.059245e-06
739	4.234687e-06
740	3.858076e-06
741	4.952623e-06
742	4.887553e-06
743	4.017814e-06
744	4.065831e-06
745	5.088772e-06
746	4.634796e-06
747	3.888559e-06
748	4.457546e-06
749	5.096221e-06
750	4.359375e-06
751	3.836016e-06
752	4.827361e-06
753	4.986144e-06
754	4.113151e-06
755	3.931469e-06
756	5.039832e-06
757	4.766734e-06
758	3.943589e-06
759	4.255428e-06
760	5.105156e-06
761	4.485579e-06
762	3.850389e-06
763	4.685095e-06
764	5.041611e-06
765	4.195099e-06
766	3.880506e-06
767	4.988655e-06
768	4.832301e-06
769	3.976380e-06
770	4.180226e-06
771	5.097847e-06
772	4.514870e-06
773	3.860768e-06
774	4.675467e-06
775	5.030901e-06
776	4.170382e-06
777	3.910597e-06
778	5.015387e-06
779	4.764588e-06
780	3.938081e-06
781	4.336797e-06
782	5.086261e-06
783	4.361770e-06
784	3.862039e-06
785	4.879613e-06
786	4.899489e-06
787	4.010202e-06
788	4.148566e-06
789	5.081574e-06
790	4.471011e-06
791	3.873376e-06
792	4.794424e-06
793	4.937211e-06
794	4.036248e-06
795	4.115311e-06
796	5.071556e-06
797	4.467154e-06
798	3.884745e-06
799	4.824934e-06
800	4.897564e-06
801	4.001654e-06
802	4.221377e-06
803	5.060384e-06
804	4.339466e-06
805	3.907198e-06
806	4.948266e-06
807	4.761019e-06
808	3.943974e-06
809	4.503913e-06
810	4.998991e-06
811	4.117201e-06
812	4.040743e-06
813	5.040471e-06
814	4.468103e-06
815	3.922823e-06
816	4.883998e-06
817	4.797547e-06
818	3.963371e-06
819	4.497777e-06
820	4.968784e-06
821	4.078008e-06
822	4.113786e-06
823	5.021427e-06
824	4.329744e-06
825	3.963208e-06
826	4.981580e-06
827	4.622442e-06
828	3.965327e-06
829	4.800388e-06
830	4.825434e-06
831	3.986630e-06
832	4.502014e-06
833	4.920597e-06
834	4.034310e-06
835	4.216024e-06
836	4.960889e-06
837	4.158688e-06
838	4.051586e-06
839	4.984832e-06
840	4.349130e-06
841	4.010584e-06
842	4.984329e-06
843	4.546545e-06
844	4.027598e-06
845	4.934779e-06
846	4.699171e-06
847	4.044861e-06
848	4.828933e-06
849	4.787955e-06
850	4.040453e-06
851	4.682503e-06
852	4.820590e-06
853	4.018689e-06
854	4.522077e-06
855	4.816510e-06
856	3.992854e-06
857	4.372139e-06
858	4.795306e-06
859	3.974081e-06
860	4.248354e-06
861	4.771181e-06
862	3.967623e-06
863	4.156914e-06
864	4.752044e-06
865	3.973554e-06
866	4.097098e-06
867	4.740888e-06
868	3.988946e-06
869	4.064469e-06
870	4.737640e-06
871	4.009818e-06
872	4.053330e-06
873	4.740597e-06
874	4.032294e-06
875	4.058096e-06
876	4.747250e-06
877	4.053057e-06
878	4.073817e-06
879	4.754621e-06
880	4.069354e-06
881	4.096194e-06
882	4.759359e-06
883	4.078833e-06
884	4.121404e-06
885	4.757769e-06
886	4.079388e-06
887	4.145943e-06
888	4.745940e-06
889	4.069135e-06
890	4.166611e-06
891	4.720056e-06
892	4.046600e-06
893	4.180729e-06
894	4.676959e-06
895	4.011128e-06
896	4.186583e-06
897	4.614911e-06
898	3.963471e-06
899	4.184018e-06
900	4.534448e-06
901	3.906408e-06
902	4.175012e-06
903	4.439089e-06
904	3.845173e-06
905	4.163965e-06
906	4.335590e-06
907	3.787413e-06
908	4.157401e-06
909	4.233447e-06
910	3.742422e-06
911	4.162869e-06
912	4.143457e-06
913	3.719556e-06
914	4.186993e-06
915	4.075417e-06
916	3.725954e-06
917	4.232968e-06
918	4.035388e-06
919	3.764083e-06
920	4.298166e-06
921	4.023294e-06
922	3.829883e-06
923	4.372840e-06
924	4.031867e-06
925	3.912490e-06
926	4.440958e-06
927	4.047807e-06
928	3.996254e-06
929	4.483725e-06
930	4.055474e-06
931	4.065086e-06
932	4.485346e-06
933	4.042356e-06
934	4.108010e-06
935	4.439248e-06
936	4.004432e-06
937	4.123806e-06
938	4.352146e-06
939	3.948981e-06
940	4.122344e-06
941	4.243591e-06
942	3.893001e-06
943	4.121189e-06
944	4.140273e-06
945	3.857144e-06
946	4.138167e-06
947	4.066707e-06
948	3.857225e-06
949	4.182646e-06
950	4.035926e-06
951	3.896823e-06
952	4.249484e-06
953	4.044245e-06
954	3.964550e-06
955	4.319049e-06
956	4.072851e-06
957	4.037928e-06
958	4.364402e-06
959	4.096233e-06
960	4.092920e-06
961	4.363337e-06
962	4.094159e-06
963	4.115152e-06
964	4.309862e-06
965	4.061643e-06
966	4.107198e-06
967	4.219047e-06
968	4.011604e-06
969	4.087547e-06
970	4.121889e-06
971	3.968328e-06
972	4.080952e-06
973	4.051929e-06
974	3.954710e-06
975	4.104721e-06
976	4.029997e-06
977	3.979796e-06
978	4.158120e-06
979	4.054785e-06
980	4.033283e-06
981	4.220981e-06
982	4.104180e-06
983	4.090240e-06
984	4.263089e-06
985	4.146935e-06
986	4.124011e-06
987	4.260136e-06
988	4.158904e-06
989	4.120684e-06
990	4.207849e-06
991	4.135299e-06
992	4.087039e-06
993	4.126146e-06
994	4.092204e-06
995	4.047018e-06
996	4.050338e-06
997	4.056502e-06
998	4.028229e-06
999	4.013722e-06