#Turn	Emit_x
-1	4.967188e-06
0	5.019283e-06
1	5.015808e-06
2	4.905192e-06
3	4.919607e-06
4	4.957757e-06
5	4.845427e-06
6	4.841428e-06
7	4.916609e-06
8	4.823922e-06
9	4.823862e-06
10	4.917075e-06
11	4.854697e-06
12	4.876145e-06
13	4.956647e-06
14	4.920993e-06
15	4.973577e-06
16	5.007240e-06
17	4.984197e-06
18	5.071382e-06
19	5.031696e-06
20	5.005735e-06
21	5.128558e-06
22	5.005654e-06
23	4.969657e-06
24	5.128610e-06
25	4.932281e-06
26	4.892876e-06
27	5.085854e-06
28	4.841239e-06
29	4.816993e-06
30	5.034495e-06
31	4.772460e-06
32	4.786411e-06
33	5.007609e-06
34	4.754291e-06
35	4.825278e-06
36	5.018368e-06
37	4.788386e-06
38	4.925670e-06
39	5.053561e-06
40	4.849379e-06
41	5.052400e-06
42	5.081960e-06
43	4.899069e-06
44	5.160871e-06
45	5.072187e-06
46	4.907234e-06
47	5.218295e-06
48	5.010231e-06
49	4.867847e-06
50	5.217498e-06
51	4.907405e-06
52	4.802269e-06
53	5.177002e-06
54	4.794916e-06
55	4.748317e-06
56	5.128676e-06
57	4.708619e-06
58	4.741685e-06
59	5.100556e-06
60	4.672422e-06
61	4.799610e-06
62	5.103754e-06
63	4.688487e-06
64	4.914161e-06
65	5.128975e-06
66	4.738004e-06
67	5.056842e-06
68	5.152755e-06
69	4.791023e-06
70	5.190990e-06
71	5.149305e-06
72	4.820101e-06
73	5.285936e-06
74	5.102190e-06
75	4.811557e-06
76	5.327073e-06
77	5.010979e-06
78	4.769822e-06
79	5.318436e-06
80	4.890707e-06
81	4.714000e-06
82	5.278035e-06
83	4.765402e-06
84	4.669256e-06
85	5.229176e-06
86	4.659264e-06
87	4.657410e-06
88	5.191949e-06
89	4.589361e-06
90	4.690476e-06
91	5.177880e-06
92	4.562087e-06
93	4.768691e-06
94	5.188668e-06
95	4.573555e-06
96	4.882419e-06
97	5.218155e-06
98	4.612701e-06
99	5.016209e-06
100	5.255918e-06
101	4.665412e-06
102	5.153246e-06
103	5.290966e-06
104	4.718260e-06
105	5.278930e-06
106	5.314533e-06
107	4.760991e-06
108	5.383008e-06
109	5.321532e-06
110	4.787552e-06
111	5.460177e-06
112	5.310755e-06
113	4.795858e-06
114	5.509521e-06
115	5.284177e-06
116	4.786803e-06
117	5.533283e-06
118	5.245846e-06
119	4.763030e-06
120	5.535483e-06
121	5.200793e-06
122	4.727896e-06
123	5.520743e-06
124	5.154251e-06
125	4.684835e-06
126	5.493511e-06
127	5.111275e-06
128	4.637191e-06
129	5.457721e-06
130	5.076745e-06
131	4.588441e-06
132	5.416812e-06
133	5.055642e-06
134	4.542682e-06
135	5.373976e-06
136	5.053404e-06
137	4.505157e-06
138	5.332465e-06
139	5.076120e-06
140	4.482558e-06
141	5.295650e-06
142	5.130180e-06
143	4.482659e-06
144	5.266406e-06
145	5.220840e-06
146	4.512804e-06
147	5.245354e-06
148	5.349157e-06
149	4.576986e-06
150	5.227860e-06
151	5.507199e-06
152	4.672066e-06
153	5.200925e-06
154	5.672970e-06
155	4.785178e-06
156	5.143194e-06
157	5.808967e-06
158	4.895856e-06
159	5.032959e-06
160	5.870239e-06
161	4.986263e-06
162	4.866767e-06
163	5.825464e-06
164	5.059107e-06
165	4.680758e-06
166	5.683656e-06
167	5.153148e-06
168	4.551955e-06
169	5.498473e-06
170	5.329821e-06
171	4.556839e-06
172	5.317015e-06
173	5.597300e-06
174	4.701057e-06
175	5.114308e-06
176	5.825704e-06
177	4.900574e-06
178	4.846373e-06
179	5.837778e-06
180	5.081068e-06
181	4.594690e-06
182	5.628083e-06
183	5.303064e-06
184	4.538859e-06
185	5.341731e-06
186	5.648286e-06
187	4.731136e-06
188	5.001766e-06
189	5.870873e-06
190	5.003790e-06
191	4.641695e-06
192	5.715178e-06
193	5.278067e-06
194	4.525157e-06
195	5.355051e-06
196	5.684550e-06
197	4.762171e-06
198	4.902327e-06
199	5.873342e-06
200	5.096090e-06
201	4.538992e-06
202	5.581335e-06
203	5.481540e-06
204	4.618331e-06
205	5.087178e-06
206	5.872972e-06
207	4.999769e-06
208	4.589078e-06
209	5.685202e-06
210	5.402188e-06
211	4.572281e-06
212	5.149045e-06
213	5.864125e-06
214	4.983383e-06
215	4.583915e-06
216	5.688981e-06
217	5.429318e-06
218	4.590018e-06
219	5.085049e-06
220	5.887794e-06
221	5.047427e-06
222	4.527513e-06
223	5.602271e-06
224	5.553377e-06
225	4.679121e-06
226	4.903477e-06
227	5.889194e-06
228	5.176246e-06
229	4.488824e-06
230	5.412779e-06
231	5.750230e-06
232	4.853387e-06
233	4.662263e-06
234	5.782736e-06
235	5.371204e-06
236	4.559441e-06
237	5.104899e-06
238	5.895811e-06
239	5.075615e-06
240	4.498464e-06
241	5.540959e-06
242	5.655649e-06
243	4.771530e-06
244	4.741011e-06
245	5.835558e-06
246	5.311614e-06
247	4.527189e-06
248	5.180108e-06
249	5.882261e-06
250	5.037758e-06
251	4.511135e-06
252	5.585314e-06
253	5.614911e-06
254	4.737772e-06
255	4.784280e-06
256	5.855733e-06
257	5.277186e-06
258	4.511234e-06
259	5.238373e-06
260	5.860377e-06
261	4.993408e-06
262	4.539869e-06
263	5.643001e-06
264	5.540288e-06
265	4.675075e-06
266	4.890943e-06
267	5.887525e-06
268	5.192291e-06
269	4.489778e-06
270	5.386810e-06
271	5.765845e-06
272	4.865540e-06
273	4.663116e-06
274	5.778779e-06
275	5.350154e-06
276	4.546140e-06
277	5.173550e-06
278	5.866994e-06
279	4.993130e-06
280	4.566264e-06
281	5.667959e-06
282	5.457387e-06
283	4.607971e-06
284	5.062662e-06
285	5.885772e-06
286	5.040776e-06
287	4.548291e-06
288	5.626376e-06
289	5.473432e-06
290	4.615769e-06
291	5.077141e-06
292	5.876306e-06
293	5.008051e-06
294	4.588694e-06
295	5.677247e-06
296	5.380075e-06
297	4.561988e-06
298	5.216449e-06
299	5.811459e-06
300	4.888768e-06
301	4.737013e-06
302	5.803490e-06
303	5.198005e-06
304	4.517013e-06
305	5.452532e-06
306	5.574577e-06
307	4.678993e-06
308	5.057524e-06
309	5.861629e-06
310	4.966938e-06
311	4.690117e-06
312	5.751524e-06
313	5.202093e-06
314	4.526953e-06
315	5.455153e-06
316	5.507389e-06
317	4.639302e-06
318	5.168761e-06
319	5.799945e-06
320	4.867247e-06
321	4.883239e-06
322	5.844891e-06
323	5.045108e-06
324	4.640851e-06
325	5.667778e-06
326	5.197056e-06
327	4.536849e-06
328	5.447248e-06
329	5.411148e-06
330	4.599582e-06
331	5.274979e-06
332	5.656431e-06
333	4.755079e-06
334	5.130037e-06
335	5.823586e-06
336	4.903309e-06
337	4.976352e-06
338	5.854454e-06
339	4.995195e-06
340	4.813688e-06
341	5.770256e-06
342	5.040111e-06
343	4.667824e-06
344	5.630358e-06
345	5.072822e-06
346	4.566031e-06
347	5.490645e-06
348	5.122087e-06
349	4.521564e-06
350	5.384335e-06
351	5.198097e-06
352	4.531316e-06
353	5.322120e-06
354	5.295888e-06
355	4.582031e-06
356	5.300899e-06
357	5.404462e-06
358	4.658120e-06
359	5.312492e-06
360	5.513814e-06
361	4.746761e-06
362	5.348932e-06
363	5.617742e-06
364	4.839677e-06
365	5.404491e-06
366	5.713745e-06
367	4.932768e-06
368	5.475793e-06
369	5.801758e-06
370	5.024897e-06
371	5.561087e-06
372	5.882765e-06
373	5.116535e-06
374	5.659291e-06
375	5.957658e-06
376	5.208531e-06
377	5.768999e-06
378	6.026342e-06
379	5.301038e-06
380	5.887544e-06
381	6.087080e-06
382	5.392611e-06
383	6.010204e-06
384	6.136063e-06
385	5.479575e-06
386	6.129732e-06
387	6.167395e-06
388	5.555911e-06
389	6.236475e-06
390	6.173681e-06
391	5.613945e-06
392	6.319386e-06
393	6.147462e-06
394	5.646042e-06
395	6.368042e-06
396	6.083491e-06
397	5.647228e-06
398	6.375441e-06
399	5.981504e-06
400	5.618146e-06
401	6.340890e-06
402	5.848655e-06
403	5.567324e-06
404	6.271886e-06
405	5.700513e-06
406	5.511512e-06
407	6.183892e-06
408	5.559575e-06
409	5.473166e-06
410	6.097349e-06
411	5.450872e-06
412	5.475007e-06
413	6.032173e-06
414	5.395261e-06
415	5.532728e-06
416	6.001027e-06
417	5.402095e-06
418	5.648056e-06
419	6.003626e-06
420	5.463917e-06
421	5.804949e-06
422	6.024729e-06
423	5.556140e-06
424	5.971500e-06
425	6.037871e-06
426	5.643638e-06
427	6.108601e-06
428	6.015056e-06
429	5.693471e-06
430	6.183518e-06
431	5.939608e-06
432	5.689267e-06
433	6.183228e-06
434	5.816610e-06
435	5.640383e-06
436	6.120856e-06
437	5.674745e-06
438	5.580020e-06
439	6.030837e-06
440	5.556652e-06
441	5.551397e-06
442	5.953851e-06
443	5.500835e-06
444	5.587492e-06
445	5.918043e-06
446	5.523128e-06
447	5.693876e-06
448	5.925561e-06
449	5.607042e-06
450	5.843401e-06
451	5.951638e-06
452	5.709165e-06
453	5.986475e-06
454	5.957826e-06
455	5.778980e-06
456	6.073431e-06
457	5.913898e-06
458	5.784358e-06
459	6.078603e-06
460	5.817232e-06
461	5.729190e-06
462	6.013173e-06
463	5.698026e-06
464	5.652307e-06
465	5.918852e-06
466	5.605568e-06
467	5.606884e-06
468	5.845231e-06
469	5.582026e-06
470	5.631113e-06
471	5.823174e-06
472	5.638132e-06
473	5.726442e-06
474	5.849055e-06
475	5.744831e-06
476	5.855517e-06
477	5.888684e-06
478	5.846750e-06
479	5.961297e-06
480	5.899002e-06
481	5.891393e-06
482	5.997476e-06
483	5.855596e-06
484	5.858176e-06
485	5.953462e-06
486	5.769853e-06
487	5.770210e-06
488	5.859373e-06
489	5.684563e-06
490	5.681150e-06
491	5.768047e-06
492	5.649602e-06
493	5.644400e-06
494	5.724901e-06
495	5.691926e-06
496	5.682780e-06
497	5.743328e-06
498	5.797690e-06
499	5.776014e-06
500	5.799483e-06
501	5.917324e-06
502	5.872559e-06
503	5.848789e-06
504	5.991432e-06
505	5.918723e-06
506	5.854261e-06
507	5.983213e-06
508	5.888618e-06
509	5.810054e-06
510	5.898722e-06
511	5.797909e-06
512	5.746018e-06
513	5.782988e-06
514	5.693806e-06
515	5.710192e-06
516	5.694354e-06
517	5.627987e-06
518	5.739809e-06
519	5.672338e-06
520	5.628687e-06
521	5.837987e-06
522	5.717379e-06
523	5.687436e-06
524	5.969413e-06
525	5.792703e-06
526	5.766665e-06
527	6.077360e-06
528	5.845903e-06
529	5.822739e-06
530	6.112717e-06
531	5.837833e-06
532	5.831214e-06
533	6.059161e-06
534	5.763161e-06
535	5.800346e-06
536	5.940791e-06
537	5.651996e-06
538	5.765583e-06
539	5.808619e-06
540	5.552949e-06
541	5.768804e-06
542	5.714169e-06
543	5.508093e-06
544	5.834477e-06
545	5.684938e-06
546	5.533389e-06
547	5.955496e-06
548	5.713783e-06
549	5.613585e-06
550	6.095254e-06
551	5.765692e-06
552	5.712307e-06
553	6.204057e-06
554	5.796768e-06
555	5.790988e-06
556	6.241365e-06
557	5.775543e-06
558	5.827066e-06
559	6.193109e-06
560	5.696725e-06
561	5.823094e-06
562	6.076352e-06
563	5.581865e-06
564	5.803306e-06
565	5.930201e-06
566	5.468234e-06
567	5.800558e-06
568	5.798561e-06
569	5.392534e-06
570	5.840838e-06
571	5.713371e-06
572	5.377196e-06
573	5.932412e-06
574	5.685124e-06
575	5.424218e-06
576	6.063219e-06
577	5.702811e-06
578	5.517248e-06
579	6.206059e-06
580	5.741210e-06
581	5.629405e-06
582	6.328450e-06
583	5.771438e-06
584	5.733024e-06
585	6.403037e-06
586	5.770668e-06
587	5.807841e-06
588	6.415005e-06
589	5.728088e-06
590	5.845342e-06
591	6.364559e-06
592	5.645978e-06
593	5.848685e-06
594	6.264589e-06
595	5.536632e-06
596	5.829201e-06
597	6.135271e-06
598	5.417144e-06
599	5.801452e-06
600	5.998048e-06
601	5.304247e-06
602	5.778825e-06
603	5.870969e-06
604	5.210744e-06
605	5.770808e-06
606	5.766315e-06
607	5.144017e-06
608	5.782166e-06
609	5.690343e-06
610	5.106248e-06
611	5.813510e-06
612	5.644420e-06
613	5.095659e-06
614	5.862565e-06
615	5.626694e-06
616	5.108040e-06
617	5.925511e-06
618	5.633688e-06
619	5.138131e-06
620	5.998034e-06
621	5.661489e-06
622	5.180592e-06
623	6.075933e-06
624	5.706436e-06
625	5.230549e-06
626	6.155275e-06
627	5.765358e-06
628	5.283746e-06
629	6.232180e-06
630	5.835427e-06
631	5.336392e-06
632	6.302325e-06
633	5.913744e-06
634	5.384799e-06
635	6.360280e-06
636	5.996757e-06
637	5.424925e-06
638	6.398819e-06
639	6.079676e-06
640	5.451993e-06
641	6.408462e-06
642	6.156169e-06
643	5.460553e-06
644	6.377692e-06
645	6.218834e-06
646	5.445585e-06
647	6.294569e-06
648	6.261041e-06
649	5.405488e-06
650	6.150636e-06
651	6.280509e-06
652	5.347591e-06
653	5.947743e-06
654	6.283648e-06
655	5.295062e-06
656	5.706697e-06
657	6.287242e-06
658	5.289689e-06
659	5.472466e-06
660	6.311734e-06
661	5.379339e-06
662	5.304256e-06
663	6.361659e-06
664	5.583277e-06
665	5.239199e-06
666	6.399519e-06
667	5.857352e-06
668	5.250173e-06
669	6.341031e-06
670	6.110014e-06
671	5.264748e-06
672	6.104723e-06
673	6.277269e-06
674	5.266315e-06
675	5.709665e-06
676	6.369956e-06
677	5.362926e-06
678	5.339646e-06
679	6.426708e-06
680	5.656609e-06
681	5.195697e-06
682	6.395500e-06
683	6.033339e-06
684	5.213569e-06
685	6.109223e-06
686	6.305720e-06
687	5.269480e-06
688	5.572164e-06
689	6.437078e-06
690	5.516989e-06
691	5.197561e-06
692	6.436495e-06
693	5.968008e-06
694	5.179956e-06
695	6.125373e-06
696	6.327238e-06
697	5.284475e-06
698	5.474689e-06
699	6.473372e-06
700	5.654996e-06
701	5.141903e-06
702	6.366299e-06
703	6.163494e-06
704	5.208603e-06
705	5.766925e-06
706	6.458117e-06
707	5.499253e-06
708	5.163803e-06
709	6.438814e-06
710	6.064421e-06
711	5.176067e-06
712	5.886268e-06
713	6.451670e-06
714	5.467285e-06
715	5.165607e-06
716	6.449370e-06
717	6.071162e-06
718	5.174575e-06
719	5.833020e-06
720	6.476192e-06
721	5.531800e-06
722	5.122005e-06
723	6.409343e-06
724	6.172253e-06
725	5.211262e-06
726	5.621352e-06
727	6.510514e-06
728	5.694348e-06
729	5.092063e-06
730	6.273358e-06
731	6.329873e-06
732	5.309300e-06
733	5.316979e-06
734	6.507710e-06
735	5.938520e-06
736	5.129960e-06
737	5.962015e-06
738	6.472691e-06
739	5.513284e-06
740	5.107072e-06
741	6.406600e-06
742	6.210637e-06
743	5.234519e-06
744	5.494751e-06
745	6.523184e-06
746	5.819234e-06
747	5.098966e-06
748	6.110068e-06
749	6.432189e-06
750	5.433332e-06
751	5.147770e-06
752	6.453553e-06
753	6.134473e-06
754	5.198205e-06
755	5.624446e-06
756	6.520663e-06
757	5.731092e-06
758	5.086579e-06
759	6.217201e-06
760	6.377340e-06
761	5.358498e-06
762	5.230710e-06
763	6.490235e-06
764	6.023275e-06
765	5.156079e-06
766	5.835807e-06
767	6.492673e-06
768	5.575622e-06
769	5.099100e-06
770	6.369943e-06
771	6.237227e-06
772	5.244224e-06
773	5.495936e-06
774	6.513035e-06
775	5.773075e-06
776	5.105013e-06
777	6.208370e-06
778	6.353309e-06
779	5.322130e-06
780	5.320382e-06
781	6.498624e-06
782	5.887446e-06
783	5.130931e-06
784	6.103895e-06
785	6.387855e-06
786	5.353970e-06
787	5.284907e-06
788	6.487514e-06
789	5.894931e-06
790	5.141332e-06
791	6.127280e-06
792	6.358810e-06
793	5.317044e-06
794	5.368051e-06
795	6.485967e-06
796	5.778415e-06
797	5.140542e-06
798	6.273665e-06
799	6.249995e-06
800	5.241078e-06
801	5.630283e-06
802	6.454929e-06
803	5.530384e-06
804	5.185024e-06
805	6.432144e-06
806	6.000237e-06
807	5.188594e-06
808	6.093462e-06
809	6.321396e-06
810	5.279118e-06
811	5.517828e-06
812	6.438258e-06
813	5.544562e-06
814	5.207612e-06
815	6.429247e-06
816	5.943747e-06
817	5.208913e-06
818	6.214733e-06
819	6.232927e-06
820	5.246705e-06
821	5.782802e-06
822	6.358584e-06
823	5.335385e-06
824	5.387758e-06
825	6.408225e-06
826	5.573663e-06
827	5.237502e-06
828	6.419439e-06
829	5.883457e-06
830	5.254344e-06
831	6.329637e-06
832	6.124440e-06
833	5.279338e-06
834	6.102713e-06
835	6.244651e-06
836	5.268385e-06
837	5.797799e-06
838	6.279013e-06
839	5.269694e-06
840	5.520933e-06
841	6.289230e-06
842	5.334754e-06
843	5.348128e-06
844	6.315549e-06
845	5.471048e-06
846	5.291259e-06
847	6.362948e-06
848	5.649412e-06
849	5.316325e-06
850	6.415806e-06
851	5.831803e-06
852	5.378973e-06
853	6.457216e-06
854	5.990206e-06
855	5.446262e-06
856	6.478468e-06
857	6.111195e-06
858	5.501019e-06
859	6.479362e-06
860	6.192665e-06
861	5.537884e-06
862	6.464885e-06
863	6.238948e-06
864	5.558169e-06
865	6.441971e-06
866	6.257070e-06
867	5.566196e-06
868	6.417544e-06
869	6.254626e-06
870	5.567337e-06
871	6.397754e-06
872	6.238894e-06
873	5.567213e-06
874	6.387901e-06
875	6.216656e-06
876	5.571485e-06
877	6.392624e-06
878	6.194306e-06
879	5.585828e-06
880	6.416035e-06
881	6.177926e-06
882	5.615802e-06
883	6.461577e-06
884	6.173110e-06
885	5.666442e-06
886	6.531504e-06
887	6.184409e-06
888	5.741475e-06
889	6.625906e-06
890	6.214366e-06
891	5.842163e-06
892	6.741411e-06
893	6.262250e-06
894	5.965981e-06
895	6.869858e-06
896	6.322866e-06
897	6.105531e-06
898	6.997546e-06
899	6.386004e-06
900	6.248318e-06
901	7.105807e-06
902	6.437236e-06
903	6.378079e-06
904	7.173601e-06
905	6.460603e-06
906	6.478049e-06
907	7.182239e-06
908	6.443099e-06
909	6.535852e-06
910	7.121390e-06
911	6.379932e-06
912	6.548691e-06
913	6.994458e-06
914	6.278663e-06
915	6.526688e-06
916	6.820888e-06
917	6.160049e-06
918	6.492261e-06
919	6.633484e-06
920	6.054257e-06
921	6.474530e-06
922	6.470444e-06
923	5.992678e-06
924	6.499643e-06
925	6.363970e-06
926	5.997454e-06
927	6.579874e-06
928	6.329098e-06
929	6.072269e-06
930	6.705590e-06
931	6.357096e-06
932	6.198396e-06
933	6.844378e-06
934	6.416923e-06
935	6.339000e-06
936	6.949915e-06
937	6.465975e-06
938	6.451945e-06
939	6.979260e-06
940	6.467477e-06
941	6.507271e-06
942	6.912248e-06
943	6.407602e-06
944	6.501684e-06
945	6.763642e-06
946	6.303648e-06
947	6.461812e-06
948	6.580450e-06
949	6.197745e-06
950	6.432545e-06
951	6.423614e-06
952	6.137718e-06
953	6.454668e-06
954	6.341671e-06
955	6.153722e-06
956	6.542339e-06
957	6.348933e-06
958	6.242147e-06
959	6.672126e-06
960	6.419101e-06
961	6.365571e-06
962	6.790860e-06
963	6.498288e-06
964	6.470210e-06
965	6.840723e-06
966	6.532354e-06
967	6.513455e-06
968	6.790029e-06
969	6.495370e-06
970	6.487374e-06
971	6.652944e-06
972	6.403598e-06
973	6.424117e-06
974	6.485646e-06
975	6.306234e-06
976	6.378327e-06
977	6.359180e-06
978	6.257417e-06
979	6.395422e-06
980	6.323289e-06
981	6.285135e-06
982	6.483621e-06
983	6.381193e-06
984	6.374645e-06
985	6.606144e-06
986	6.489127e-06
987	6.476077e-06
988	6.699466e-06
989	6.580984e-06
990	6.532594e-06
991	6.708919e-06
992	6.605049e-06
993	6.513741e-06
994	6.621725e-06
995	6.552280e-06
996	6.434370e-06
997	6.477347e-06
998	6.459468e-06
999	6.346662e-06