#Turn	Emit_x
-1	5.089578e-06
0	5.143010e-06
1	5.138946e-06
2	5.025257e-06
3	5.040052e-06
4	5.078369e-06
5	4.963379e-06
6	4.959360e-06
7	5.035552e-06
8	4.941400e-06
9	4.941477e-06
10	5.036164e-06
11	4.973795e-06
12	4.995813e-06
13	5.077462e-06
14	5.042966e-06
15	5.096512e-06
16	5.130103e-06
17	5.108632e-06
18	5.196994e-06
19	5.155431e-06
20	5.130722e-06
21	5.254864e-06
22	5.128294e-06
23	5.092893e-06
24	5.253421e-06
25	5.052304e-06
26	5.013052e-06
27	5.208039e-06
28	4.958561e-06
29	4.934625e-06
30	5.154543e-06
31	4.888578e-06
32	4.903611e-06
33	5.127200e-06
34	4.871461e-06
35	4.944607e-06
36	5.139257e-06
37	4.908335e-06
38	5.048755e-06
39	5.176445e-06
40	4.972298e-06
41	5.179072e-06
42	5.205997e-06
43	5.023474e-06
44	5.289283e-06
45	5.195431e-06
46	5.030786e-06
47	5.345912e-06
48	5.130730e-06
49	4.988692e-06
50	5.342417e-06
51	5.024347e-06
52	4.920131e-06
53	5.298849e-06
54	4.909168e-06
55	4.864740e-06
56	5.248638e-06
57	4.822366e-06
58	4.859322e-06
59	5.220597e-06
60	4.788124e-06
61	4.920958e-06
62	5.225478e-06
63	4.807706e-06
64	5.040409e-06
65	5.252739e-06
66	4.860682e-06
67	5.187329e-06
68	5.277426e-06
69	4.915530e-06
70	5.323495e-06
71	5.272746e-06
72	4.944019e-06
73	5.417604e-06
74	5.222216e-06
75	4.932800e-06
76	5.455547e-06
77	5.126333e-06
78	4.887593e-06
79	5.442694e-06
80	5.001634e-06
81	4.829168e-06
82	5.398623e-06
83	4.873593e-06
84	4.784053e-06
85	5.347825e-06
86	4.767283e-06
87	4.774662e-06
88	5.310831e-06
89	4.699826e-06
90	4.812714e-06
91	5.298830e-06
92	4.676928e-06
93	4.897460e-06
94	5.312625e-06
95	4.693563e-06
96	5.017944e-06
97	5.344938e-06
98	4.737432e-06
99	5.157426e-06
100	5.384321e-06
101	4.793395e-06
102	5.298111e-06
103	5.419081e-06
104	4.847396e-06
105	5.424880e-06
106	5.440160e-06
107	4.889015e-06
108	5.527431e-06
109	5.442576e-06
110	4.912412e-06
111	5.600792e-06
112	5.425507e-06
113	4.915960e-06
114	5.644602e-06
115	5.391441e-06
116	4.901079e-06
117	5.661718e-06
118	5.344929e-06
119	4.870876e-06
120	5.656703e-06
121	5.291389e-06
122	4.829012e-06
123	5.634568e-06
124	5.236274e-06
125	4.779038e-06
126	5.599979e-06
127	5.184690e-06
128	4.724237e-06
129	5.556916e-06
130	5.141438e-06
131	4.667899e-06
132	5.508739e-06
133	5.111349e-06
134	4.613875e-06
135	5.458507e-06
136	5.099733e-06
137	4.567212e-06
138	5.409381e-06
139	5.112708e-06
140	4.534601e-06
141	5.364827e-06
142	5.157018e-06
143	4.524190e-06
144	5.328185e-06
145	5.238811e-06
146	4.544232e-06
147	5.301052e-06
148	5.360708e-06
149	4.600182e-06
150	5.280222e-06
151	5.516918e-06
152	4.690619e-06
153	5.254081e-06
154	5.687532e-06
155	4.803906e-06
156	5.201569e-06
157	5.835814e-06
158	4.919247e-06
159	5.098861e-06
160	5.914728e-06
161	5.016015e-06
162	4.937460e-06
163	5.887314e-06
164	5.091833e-06
165	4.747445e-06
166	5.755329e-06
167	5.180632e-06
168	4.603545e-06
169	5.569668e-06
170	5.345514e-06
171	4.588453e-06
172	5.384896e-06
173	5.608871e-06
174	4.720420e-06
175	5.185649e-06
176	5.855405e-06
177	4.921265e-06
178	4.921266e-06
179	5.897372e-06
180	5.105557e-06
181	4.656564e-06
182	5.703155e-06
183	5.317847e-06
184	4.572730e-06
185	5.417853e-06
186	5.657984e-06
187	4.746719e-06
188	5.082939e-06
189	5.913094e-06
190	5.022050e-06
191	4.712212e-06
192	5.790514e-06
193	5.291245e-06
194	4.560398e-06
195	5.437913e-06
196	5.692061e-06
197	4.773498e-06
198	4.989779e-06
199	5.926685e-06
200	5.111035e-06
201	4.597975e-06
202	5.665369e-06
203	5.483160e-06
204	4.633773e-06
205	5.181504e-06
206	5.905353e-06
207	5.009001e-06
208	4.661314e-06
209	5.768803e-06
210	5.403348e-06
211	4.590670e-06
212	5.249099e-06
213	5.889202e-06
214	4.988206e-06
215	4.659166e-06
216	5.775684e-06
217	5.426065e-06
218	4.603207e-06
219	5.192248e-06
220	5.920549e-06
221	5.050169e-06
222	4.593767e-06
223	5.697528e-06
224	5.542902e-06
225	4.680474e-06
226	5.015113e-06
227	5.945291e-06
228	5.177678e-06
229	4.532218e-06
230	5.521472e-06
231	5.743597e-06
232	4.845234e-06
233	4.761435e-06
234	5.868819e-06
235	5.361754e-06
236	4.570883e-06
237	5.229418e-06
238	5.925020e-06
239	5.069131e-06
240	4.561313e-06
241	5.651320e-06
242	5.634832e-06
243	4.758363e-06
244	4.858351e-06
245	5.915827e-06
246	5.299962e-06
247	4.543675e-06
248	5.313112e-06
249	5.897814e-06
250	5.023584e-06
251	4.584810e-06
252	5.699685e-06
253	5.585513e-06
254	4.720357e-06
255	4.914641e-06
256	5.932635e-06
257	5.261670e-06
258	4.532535e-06
259	5.377727e-06
260	5.861508e-06
261	4.971468e-06
262	4.629073e-06
263	5.758539e-06
264	5.504175e-06
265	4.658118e-06
266	5.036498e-06
267	5.947715e-06
268	5.173901e-06
269	4.532160e-06
270	5.524506e-06
271	5.736556e-06
272	4.835390e-06
273	4.788254e-06
274	5.879976e-06
275	5.319950e-06
276	4.553526e-06
277	5.324932e-06
278	5.867033e-06
279	4.963572e-06
280	4.669375e-06
281	5.788645e-06
282	5.413979e-06
283	4.597242e-06
284	5.218876e-06
285	5.904441e-06
286	5.011748e-06
287	4.644933e-06
288	5.753881e-06
289	5.424312e-06
290	4.602504e-06
291	5.233969e-06
292	5.886624e-06
293	4.976161e-06
294	4.701202e-06
295	5.801366e-06
296	5.334947e-06
297	4.566097e-06
298	5.367821e-06
299	5.781794e-06
300	4.850863e-06
301	4.881854e-06
302	5.900401e-06
303	5.168327e-06
304	4.575773e-06
305	5.594007e-06
306	5.509161e-06
307	4.651159e-06
308	5.212109e-06
309	5.865095e-06
310	4.933517e-06
311	4.830284e-06
312	5.865601e-06
313	5.171058e-06
314	4.589622e-06
315	5.596323e-06
316	5.436264e-06
317	4.618579e-06
318	5.312358e-06
319	5.759437e-06
320	4.827737e-06
321	5.039334e-06
322	5.908760e-06
323	5.025404e-06
324	4.776290e-06
325	5.803505e-06
326	5.165824e-06
327	4.605111e-06
328	5.587611e-06
329	5.335894e-06
330	4.591560e-06
331	5.399699e-06
332	5.568766e-06
333	4.708899e-06
334	5.260254e-06
335	5.785466e-06
336	4.866102e-06
337	5.130237e-06
338	5.899346e-06
339	4.987926e-06
340	4.985920e-06
341	5.889777e-06
342	5.052648e-06
343	4.835163e-06
344	5.790964e-06
345	5.078634e-06
346	4.701123e-06
347	5.654701e-06
348	5.095703e-06
349	4.604394e-06
350	5.523927e-06
351	5.125470e-06
352	4.554129e-06
353	5.423269e-06
354	5.175685e-06
355	4.547994e-06
356	5.361113e-06
357	5.243729e-06
358	4.576831e-06
359	5.335934e-06
360	5.322584e-06
361	4.629725e-06
362	5.342092e-06
363	5.405219e-06
364	4.697238e-06
365	5.373373e-06
366	5.486453e-06
367	4.772592e-06
368	5.424457e-06
369	5.563044e-06
370	4.851483e-06
371	5.491065e-06
372	5.632976e-06
373	4.931256e-06
374	5.569471e-06
375	5.694568e-06
376	5.009921e-06
377	5.655790e-06
378	5.745699e-06
379	5.085259e-06
380	5.745302e-06
381	5.783291e-06
382	5.154153e-06
383	5.831992e-06
384	5.803127e-06
385	5.212327e-06
386	5.908493e-06
387	5.800152e-06
388	5.254631e-06
389	5.966629e-06
390	5.769349e-06
391	5.276027e-06
392	5.998636e-06
393	5.707214e-06
394	5.273237e-06
395	5.998983e-06
396	5.613648e-06
397	5.246757e-06
398	5.966407e-06
399	5.493781e-06
400	5.202607e-06
401	5.905483e-06
402	5.359020e-06
403	5.153003e-06
404	5.826952e-06
405	5.226525e-06
406	5.115159e-06
407	5.746175e-06
408	5.116612e-06
409	5.107884e-06
410	5.679586e-06
411	5.048152e-06
412	5.146366e-06
413	5.639730e-06
414	5.032836e-06
415	5.236397e-06
416	5.630272e-06
417	5.070034e-06
418	5.370038e-06
419	5.642935e-06
420	5.144533e-06
421	5.524920e-06
422	5.658355e-06
423	5.229268e-06
424	5.668805e-06
425	5.651882e-06
426	5.293648e-06
427	5.769211e-06
428	5.603377e-06
429	5.315412e-06
430	5.805250e-06
431	5.507533e-06
432	5.291166e-06
433	5.776592e-06
434	5.379596e-06
435	5.240012e-06
436	5.704600e-06
437	5.252322e-06
438	5.197013e-06
439	5.623867e-06
440	5.163870e-06
441	5.198148e-06
442	5.567127e-06
443	5.141197e-06
444	5.263114e-06
445	5.550243e-06
446	5.186517e-06
447	5.384175e-06
448	5.564642e-06
449	5.274014e-06
450	5.527064e-06
451	5.581683e-06
452	5.360055e-06
453	5.644828e-06
454	5.568006e-06
455	5.403594e-06
456	5.699182e-06
457	5.505006e-06
458	5.387151e-06
459	5.679019e-06
460	5.401999e-06
461	5.326805e-06
462	5.605773e-06
463	5.294571e-06
464	5.264481e-06
465	5.521907e-06
466	5.227424e-06
467	5.245652e-06
468	5.468303e-06
469	5.230346e-06
470	5.294295e-06
471	5.462854e-06
472	5.300546e-06
473	5.398895e-06
474	5.492039e-06
475	5.401778e-06
476	5.517304e-06
477	5.520288e-06
478	5.482013e-06
479	5.598332e-06
480	5.512301e-06
481	5.501023e-06
482	5.608841e-06
483	5.455903e-06
484	5.452595e-06
485	5.551272e-06
486	5.371745e-06
487	5.368133e-06
488	5.461395e-06
489	5.303092e-06
490	5.298854e-06
491	5.387573e-06
492	5.291022e-06
493	5.286695e-06
494	5.363815e-06
495	5.349501e-06
496	5.340794e-06
497	5.392104e-06
498	5.455040e-06
499	5.432674e-06
500	5.443703e-06
501	5.557429e-06
502	5.512367e-06
503	5.478131e-06
504	5.606154e-06
505	5.536272e-06
506	5.468716e-06
507	5.577825e-06
508	5.491103e-06
509	5.419738e-06
510	5.488810e-06
511	5.400433e-06
512	5.364732e-06
513	5.385629e-06
514	5.310549e-06
515	5.346760e-06
516	5.318859e-06
517	5.264554e-06
518	5.392422e-06
519	5.315840e-06
520	5.279797e-06
521	5.494765e-06
522	5.367316e-06
523	5.340782e-06
524	5.614706e-06
525	5.434293e-06
526	5.410289e-06
527	5.700178e-06
528	5.470275e-06
529	5.451689e-06
530	5.712608e-06
531	5.446463e-06
532	5.449866e-06
533	5.646344e-06
534	5.366468e-06
535	5.419280e-06
536	5.530675e-06
537	5.263288e-06
538	5.395045e-06
539	5.413953e-06
540	5.181379e-06
541	5.412637e-06
542	5.339191e-06
543	5.154420e-06
544	5.487798e-06
545	5.324323e-06
546	5.190355e-06
547	5.607071e-06
548	5.356328e-06
549	5.270141e-06
550	5.733041e-06
551	5.400355e-06
552	5.359181e-06
553	5.820997e-06
554	5.417970e-06
555	5.424812e-06
556	5.838610e-06
557	5.385360e-06
558	5.451268e-06
559	5.779290e-06
560	5.303272e-06
561	5.445429e-06
562	5.663541e-06
563	5.195089e-06
564	5.431569e-06
565	5.528773e-06
566	5.095407e-06
567	5.438742e-06
568	5.413422e-06
569	5.035502e-06
570	5.487448e-06
571	5.342968e-06
572	5.032241e-06
573	5.581345e-06
574	5.323124e-06
575	5.084069e-06
576	5.706419e-06
577	5.341234e-06
578	5.174052e-06
579	5.836672e-06
580	5.373579e-06
581	5.277390e-06
582	5.943219e-06
583	5.394834e-06
584	5.370010e-06
585	6.003205e-06
586	5.386216e-06
587	5.435293e-06
588	6.005617e-06
589	5.340000e-06
590	5.467228e-06
591	5.952657e-06
592	5.259761e-06
593	5.469742e-06
594	5.857092e-06
595	5.157240e-06
596	5.453324e-06
597	5.737303e-06
598	5.047679e-06
599	5.430701e-06
600	5.612114e-06
601	4.945465e-06
602	5.413184e-06
603	5.496994e-06
604	4.861279e-06
605	5.408539e-06
606	5.402260e-06
607	4.801014e-06
608	5.420453e-06
609	5.333039e-06
610	4.766111e-06
611	5.449123e-06
612	5.290332e-06
613	4.754687e-06
614	5.492363e-06
615	5.272461e-06
616	4.762860e-06
617	5.546724e-06
618	5.276411e-06
619	4.785897e-06
620	5.608336e-06
621	5.298801e-06
622	4.819020e-06
623	5.673349e-06
624	5.336421e-06
625	4.857819e-06
626	5.737991e-06
627	5.386376e-06
628	4.898347e-06
629	5.798316e-06
630	5.445908e-06
631	4.936960e-06
632	5.849723e-06
633	5.512011e-06
634	4.970004e-06
635	5.886376e-06
636	5.580935e-06
637	4.993491e-06
638	5.900709e-06
639	5.647808e-06
640	5.002985e-06
641	5.883319e-06
642	5.706680e-06
643	4.994131e-06
644	5.823772e-06
645	5.751494e-06
646	4.964454e-06
647	5.713032e-06
648	5.778415e-06
649	4.917081e-06
650	5.548242e-06
651	5.789315e-06
652	4.866280e-06
653	5.339686e-06
654	5.794538e-06
655	4.842003e-06
656	5.117289e-06
657	5.810785e-06
658	4.886012e-06
659	4.929192e-06
660	5.849248e-06
661	5.030452e-06
662	4.821311e-06
663	5.894089e-06
664	5.263891e-06
665	4.799164e-06
666	5.886417e-06
667	5.519583e-06
668	4.812901e-06
669	5.743919e-06
670	5.720054e-06
671	4.815281e-06
672	5.431634e-06
673	5.841141e-06
674	4.852658e-06
675	5.047112e-06
676	5.912164e-06
677	5.044139e-06
678	4.797050e-06
679	5.933817e-06
680	5.387430e-06
681	4.755067e-06
682	5.788564e-06
683	5.708206e-06
684	4.788150e-06
685	5.365609e-06
686	5.898075e-06
687	4.919272e-06
688	4.882988e-06
689	5.962960e-06
690	5.287180e-06
691	4.722360e-06
692	5.826769e-06
693	5.700208e-06
694	4.775591e-06
695	5.313278e-06
696	5.939475e-06
697	4.995875e-06
698	4.780659e-06
699	5.960755e-06
700	5.474916e-06
701	4.717846e-06
702	5.606895e-06
703	5.875002e-06
704	4.880211e-06
705	4.903905e-06
706	5.992401e-06
707	5.353879e-06
708	4.689508e-06
709	5.709296e-06
710	5.843588e-06
711	4.854457e-06
712	4.935449e-06
713	6.002820e-06
714	5.357903e-06
715	4.679806e-06
716	5.676975e-06
717	5.879246e-06
718	4.894381e-06
719	4.842373e-06
720	5.997386e-06
721	5.471885e-06
722	4.695196e-06
723	5.503064e-06
724	5.959496e-06
725	5.020972e-06
726	4.703303e-06
727	5.937049e-06
728	5.666085e-06
729	4.759137e-06
730	5.163327e-06
731	6.019764e-06
732	5.259049e-06
733	4.651070e-06
734	5.732229e-06
735	5.882744e-06
736	4.910768e-06
737	4.787312e-06
738	5.990235e-06
739	5.569144e-06
740	4.721187e-06
741	5.290706e-06
742	6.016153e-06
743	5.200436e-06
744	4.643494e-06
745	5.779206e-06
746	5.861902e-06
747	4.892757e-06
748	4.805425e-06
749	5.997153e-06
750	5.557925e-06
751	4.717164e-06
752	5.299411e-06
753	6.016362e-06
754	5.198697e-06
755	4.643538e-06
756	5.780656e-06
757	5.859239e-06
758	4.889051e-06
759	4.814841e-06
760	5.998698e-06
761	5.542003e-06
762	4.711855e-06
763	5.341125e-06
764	6.006152e-06
765	5.155654e-06
766	4.652523e-06
767	5.830914e-06
768	5.806418e-06
769	4.839417e-06
770	4.922265e-06
771	6.013736e-06
772	5.424652e-06
773	4.681873e-06
774	5.550644e-06
775	5.946012e-06
776	4.992503e-06
777	4.728828e-06
778	5.954464e-06
779	5.610803e-06
780	4.737284e-06
781	5.304087e-06
782	5.989480e-06
783	5.112883e-06
784	4.686356e-06
785	5.890709e-06
786	5.695536e-06
787	4.769204e-06
788	5.201487e-06
789	5.990104e-06
790	5.143321e-06
791	4.694042e-06
792	5.882343e-06
793	5.682378e-06
794	4.764590e-06
795	5.268400e-06
796	5.966212e-06
797	5.061515e-06
798	4.736329e-06
799	5.935040e-06
800	5.560565e-06
801	4.737731e-06
802	5.507831e-06
803	5.890985e-06
804	4.898033e-06
805	4.902062e-06
806	5.973053e-06
807	5.289088e-06
808	4.723744e-06
809	5.824883e-06
810	5.691082e-06
811	4.777799e-06
812	5.362605e-06
813	5.897447e-06
814	4.919448e-06
815	4.892500e-06
816	5.952358e-06
817	5.246078e-06
818	4.754170e-06
819	5.875688e-06
820	5.594443e-06
821	4.782345e-06
822	5.585329e-06
823	5.800161e-06
824	4.820886e-06
825	5.173361e-06
826	5.882037e-06
827	4.945238e-06
828	4.880521e-06
829	5.918136e-06
830	5.192897e-06
831	4.799809e-06
832	5.910133e-06
833	5.465943e-06
834	4.823152e-06
835	5.804187e-06
836	5.661434e-06
837	4.837814e-06
838	5.589822e-06
839	5.754228e-06
840	4.825107e-06
841	5.323984e-06
842	5.778660e-06
843	4.823670e-06
844	5.086240e-06
845	5.783474e-06
846	4.869840e-06
847	4.929919e-06
848	5.800601e-06
849	4.970441e-06
850	4.865070e-06
851	5.837750e-06
852	5.108101e-06
853	4.871283e-06
854	5.887675e-06
855	5.257985e-06
856	4.919225e-06
857	5.940111e-06
858	5.399941e-06
859	4.984750e-06
860	5.988421e-06
861	5.522525e-06
862	5.053164e-06
863	6.030884e-06
864	5.621996e-06
865	5.117986e-06
866	6.069404e-06
867	5.699731e-06
868	5.178231e-06
869	6.107785e-06
870	5.759889e-06
871	5.236061e-06
872	6.150458e-06
873	5.807852e-06
874	5.295229e-06
875	6.201710e-06
876	5.849295e-06
877	5.360105e-06
878	6.265216e-06
879	5.889624e-06
880	5.434995e-06
881	6.343601e-06
882	5.933467e-06
883	5.523475e-06
884	6.437854e-06
885	5.984066e-06
886	5.627600e-06
887	6.546536e-06
888	6.042479e-06
889	5.746979e-06
890	6.664862e-06
891	6.106722e-06
892	5.877870e-06
893	6.783957e-06
894	6.171132e-06
895	6.012644e-06
896	6.890760e-06
897	6.226402e-06
898	6.140105e-06
899	6.969117e-06
900	6.260792e-06
901	6.247089e-06
902	7.002474e-06
903	6.262756e-06
904	6.321514e-06
905	6.978019e-06
906	6.224742e-06
907	6.356401e-06
908	6.891411e-06
909	6.147169e-06
910	6.353659e-06
911	6.750496e-06
912	6.041062e-06
913	6.325969e-06
914	6.576167e-06
915	5.927788e-06
916	6.295256e-06
917	6.399117e-06
918	5.835043e-06
919	6.287221e-06
920	6.252528e-06
921	5.789530e-06
922	6.322894e-06
923	6.162385e-06
924	5.808161e-06
925	6.409602e-06
926	6.138453e-06
927	5.890724e-06
928	6.534814e-06
929	6.169417e-06
930	6.017308e-06
931	6.666396e-06
932	6.225073e-06
933	6.152918e-06
934	6.761303e-06
935	6.266440e-06
936	6.259311e-06
937	6.781308e-06
938	6.261327e-06
939	6.310533e-06
940	6.710061e-06
941	6.199202e-06
942	6.305383e-06
943	6.563307e-06
944	6.097824e-06
945	6.269664e-06
946	6.385777e-06
947	5.997011e-06
948	6.245194e-06
949	6.234258e-06
950	5.941106e-06
951	6.269431e-06
952	6.153686e-06
953	5.957810e-06
954	6.355064e-06
955	6.157350e-06
956	6.043585e-06
957	6.480037e-06
958	6.220991e-06
959	6.163508e-06
960	6.594611e-06
961	6.294505e-06
962	6.267084e-06
963	6.644249e-06
964	6.326901e-06
965	6.313545e-06
966	6.598113e-06
967	6.292751e-06
968	6.293930e-06
969	6.467925e-06
970	6.205837e-06
971	6.236934e-06
972	6.305414e-06
973	6.111548e-06
974	6.193490e-06
975	6.177916e-06
976	6.061464e-06
977	6.207585e-06
978	6.134641e-06
979	6.084098e-06
980	6.289476e-06
981	6.181996e-06
982	6.168159e-06
983	6.406866e-06
984	6.281366e-06
985	6.268048e-06
986	6.500395e-06
987	6.370736e-06
988	6.329190e-06
989	6.516370e-06
990	6.398898e-06
991	6.319631e-06
992	6.438755e-06
993	6.353381e-06
994	6.249563e-06
995	6.301213e-06
996	6.265789e-06
997	6.166135e-06
998	6.170788e-06
999	6.191326e-06