#Turn	Emit_x
-1	4.339597e-06
0	4.384867e-06
1	4.384157e-06
2	4.289052e-06
3	4.301506e-06
4	4.338492e-06
5	4.239750e-06
6	4.235901e-06
7	4.305639e-06
8	4.220741e-06
9	4.220133e-06
10	4.305590e-06
11	4.243742e-06
12	4.262459e-06
13	4.336846e-06
14	4.295973e-06
15	4.343703e-06
16	4.377364e-06
17	4.346886e-06
18	4.427856e-06
19	4.397301e-06
20	4.365294e-06
21	4.480906e-06
22	4.376325e-06
23	4.337412e-06
24	4.487661e-06
25	4.315713e-06
26	4.275581e-06
27	4.457594e-06
28	4.238278e-06
29	4.212603e-06
30	4.417085e-06
31	4.176196e-06
32	4.184912e-06
33	4.393171e-06
34	4.153769e-06
35	4.214014e-06
36	4.398248e-06
37	4.174767e-06
38	4.296079e-06
39	4.423860e-06
40	4.220994e-06
41	4.404456e-06
42	4.446170e-06
43	4.262477e-06
44	4.502952e-06
45	4.439473e-06
46	4.273607e-06
47	4.562697e-06
48	4.390350e-06
49	4.246668e-06
50	4.574149e-06
51	4.305105e-06
52	4.195843e-06
53	4.548805e-06
54	4.206953e-06
55	4.150088e-06
56	4.510834e-06
57	4.124999e-06
58	4.139162e-06
59	4.483908e-06
60	4.081071e-06
61	4.180184e-06
62	4.480081e-06
63	4.080881e-06
64	4.270840e-06
65	4.495514e-06
66	4.113015e-06
67	4.391303e-06
68	4.513849e-06
69	4.155265e-06
70	4.512839e-06
71	4.514635e-06
72	4.184755e-06
73	4.608746e-06
74	4.482559e-06
75	4.187236e-06
76	4.663094e-06
77	4.413615e-06
78	4.161829e-06
79	4.674284e-06
80	4.316147e-06
81	4.119978e-06
82	4.652979e-06
83	4.207113e-06
84	4.079932e-06
85	4.616307e-06
86	4.105834e-06
87	4.059753e-06
88	4.581297e-06
89	4.028089e-06
90	4.071729e-06
91	4.560026e-06
92	3.982515e-06
93	4.119806e-06
94	4.557598e-06
95	3.969903e-06
96	4.200023e-06
97	4.572707e-06
98	3.984764e-06
99	4.302925e-06
100	4.599782e-06
101	4.018028e-06
102	4.416670e-06
103	4.631577e-06
104	4.059800e-06
105	4.529811e-06
106	4.661387e-06
107	4.101469e-06
108	4.633206e-06
109	4.684464e-06
110	4.136870e-06
111	4.720889e-06
112	4.698568e-06
113	4.162570e-06
114	4.790084e-06
115	4.703849e-06
116	4.177536e-06
117	4.840639e-06
118	4.702327e-06
119	4.182520e-06
120	4.874222e-06
121	4.697278e-06
122	4.179437e-06
123	4.893545e-06
124	4.692703e-06
125	4.170933e-06
126	4.901759e-06
127	4.692998e-06
128	4.160190e-06
129	4.902093e-06
130	4.702813e-06
131	4.150942e-06
132	4.897676e-06
133	4.727009e-06
134	4.147591e-06
135	4.891442e-06
136	4.770533e-06
137	4.155203e-06
138	4.885920e-06
139	4.837966e-06
140	4.179141e-06
141	4.882643e-06
142	4.932393e-06
143	4.224033e-06
144	4.880932e-06
145	5.053299e-06
146	4.291941e-06
147	4.876053e-06
148	5.193475e-06
149	4.380063e-06
150	4.857438e-06
151	5.335779e-06
152	4.479182e-06
153	4.808930e-06
154	5.452079e-06
155	4.575026e-06
156	4.714144e-06
157	5.508097e-06
158	4.654987e-06
159	4.569220e-06
160	5.477239e-06
161	4.720584e-06
162	4.399315e-06
163	5.360418e-06
164	4.799965e-06
165	4.264307e-06
166	5.194944e-06
167	4.943286e-06
168	4.234395e-06
169	5.025581e-06
170	5.174531e-06
171	4.335596e-06
172	4.848003e-06
173	5.414639e-06
174	4.514657e-06
175	4.616408e-06
176	5.502384e-06
177	4.692294e-06
178	4.358298e-06
179	5.366749e-06
180	4.877596e-06
181	4.221648e-06
182	5.110712e-06
183	5.167827e-06
184	4.321870e-06
185	4.812590e-06
186	5.465217e-06
187	4.572032e-06
188	4.457885e-06
189	5.462474e-06
190	4.825495e-06
191	4.220582e-06
192	5.171654e-06
193	5.164261e-06
194	4.317240e-06
195	4.773522e-06
196	5.498128e-06
197	4.631283e-06
198	4.343263e-06
199	5.393808e-06
200	4.958995e-06
201	4.215204e-06
202	4.980920e-06
203	5.397900e-06
204	4.504875e-06
205	4.455808e-06
206	5.479962e-06
207	4.880369e-06
208	4.195565e-06
209	5.065481e-06
210	5.353460e-06
211	4.468914e-06
212	4.471132e-06
213	5.492038e-06
214	4.890318e-06
215	4.191846e-06
216	5.032812e-06
217	5.401566e-06
218	4.522400e-06
219	4.382984e-06
220	5.447825e-06
221	4.982505e-06
222	4.218611e-06
223	4.879952e-06
224	5.500754e-06
225	4.655958e-06
226	4.246623e-06
227	5.314249e-06
228	5.167658e-06
229	4.333612e-06
230	4.608475e-06
231	5.537025e-06
232	4.843029e-06
233	4.178269e-06
234	5.060103e-06
235	5.418928e-06
236	4.556407e-06
237	4.310501e-06
238	5.398001e-06
239	5.092115e-06
240	4.284794e-06
241	4.678814e-06
242	5.545171e-06
243	4.815412e-06
244	4.175002e-06
245	5.088419e-06
246	5.408476e-06
247	4.549290e-06
248	4.309503e-06
249	5.398743e-06
250	5.099166e-06
251	4.290724e-06
252	4.662267e-06
253	5.544817e-06
254	4.827468e-06
255	4.174947e-06
256	5.070510e-06
257	5.419602e-06
258	4.559803e-06
259	4.303811e-06
260	5.391832e-06
261	5.099702e-06
262	4.289558e-06
263	4.675489e-06
264	5.543300e-06
265	4.808011e-06
266	4.179023e-06
267	5.110897e-06
268	5.376388e-06
269	4.508697e-06
270	4.370771e-06
271	5.443299e-06
272	5.009821e-06
273	4.232756e-06
274	4.830049e-06
275	5.517928e-06
276	4.688100e-06
277	4.231805e-06
278	5.283191e-06
279	5.179965e-06
280	4.337534e-06
281	4.636721e-06
282	5.533266e-06
283	4.788280e-06
284	4.197674e-06
285	5.172950e-06
286	5.269300e-06
287	4.399567e-06
288	4.567309e-06
289	5.519579e-06
290	4.810579e-06
291	4.200905e-06
292	5.158544e-06
293	5.254175e-06
294	4.383176e-06
295	4.623014e-06
296	5.522545e-06
297	4.751514e-06
298	4.234894e-06
299	5.247751e-06
300	5.122310e-06
301	4.293044e-06
302	4.805949e-06
303	5.487022e-06
304	4.608285e-06
305	4.380143e-06
306	5.415920e-06
307	4.894014e-06
308	4.212287e-06
309	5.082944e-06
310	5.247542e-06
311	4.373995e-06
312	4.725298e-06
313	5.499753e-06
314	4.634349e-06
315	4.393887e-06
316	5.408138e-06
317	4.847166e-06
318	4.226500e-06
319	5.145208e-06
320	5.110363e-06
321	4.295372e-06
322	4.892838e-06
323	5.390659e-06
324	4.490663e-06
325	4.650342e-06
326	5.498719e-06
327	4.661469e-06
328	4.419956e-06
329	5.397863e-06
330	4.784573e-06
331	4.265191e-06
332	5.207781e-06
333	4.928148e-06
334	4.237308e-06
335	5.039968e-06
336	5.122353e-06
337	4.321916e-06
338	4.920419e-06
339	5.319646e-06
340	4.455015e-06
341	4.822957e-06
342	5.455833e-06
343	4.574692e-06
344	4.721273e-06
345	5.502314e-06
346	4.651000e-06
347	4.608397e-06
348	5.468535e-06
349	4.683764e-06
350	4.491947e-06
351	5.382631e-06
352	4.687383e-06
353	4.383930e-06
354	5.274276e-06
355	4.677803e-06
356	4.293742e-06
357	5.165975e-06
358	4.666127e-06
359	4.225629e-06
360	5.071083e-06
361	4.657498e-06
362	4.179177e-06
363	4.995326e-06
364	4.652550e-06
365	4.151028e-06
366	4.939311e-06
367	4.649368e-06
368	4.136555e-06
369	4.900728e-06
370	4.644984e-06
371	4.130987e-06
372	4.875822e-06
373	4.636203e-06
374	4.129948e-06
375	4.860222e-06
376	4.619964e-06
377	4.129616e-06
378	4.849340e-06
379	4.593485e-06
380	4.126739e-06
381	4.838607e-06
382	4.554388e-06
383	4.118681e-06
384	4.823726e-06
385	4.500968e-06
386	4.103636e-06
387	4.801052e-06
388	4.432619e-06
389	4.081023e-06
390	4.768128e-06
391	4.350413e-06
392	4.052030e-06
393	4.724305e-06
394	4.257685e-06
395	4.020120e-06
396	4.671275e-06
397	4.160409e-06
398	3.991254e-06
399	4.613250e-06
400	4.067089e-06
401	3.973525e-06
402	4.556541e-06
403	3.987891e-06
404	3.975972e-06
405	4.508344e-06
406	3.932901e-06
407	4.006522e-06
408	4.474783e-06
409	3.909636e-06
410	4.069347e-06
411	4.458571e-06
412	3.920336e-06
413	4.162312e-06
414	4.457012e-06
415	3.959964e-06
416	4.275520e-06
417	4.461314e-06
418	4.016043e-06
419	4.392015e-06
420	4.458075e-06
421	4.071212e-06
422	4.491243e-06
423	4.433247e-06
424	4.108463e-06
425	4.554857e-06
426	4.377727e-06
427	4.117641e-06
428	4.573060e-06
429	4.292537e-06
430	4.100525e-06
431	4.548800e-06
432	4.190941e-06
433	4.071722e-06
434	4.497409e-06
435	4.095592e-06
436	4.053980e-06
437	4.441055e-06
438	4.030860e-06
439	4.069056e-06
440	4.399778e-06
441	4.012992e-06
442	4.127712e-06
443	4.382823e-06
444	4.042310e-06
445	4.223356e-06
446	4.384391e-06
447	4.101536e-06
448	4.332790e-06
449	4.386392e-06
450	4.162126e-06
451	4.424707e-06
452	4.367770e-06
453	4.196778e-06
454	4.472882e-06
455	4.316467e-06
456	4.192610e-06
457	4.468027e-06
458	4.237934e-06
459	4.158095e-06
460	4.422077e-06
461	4.154894e-06
462	4.119357e-06
463	4.362100e-06
464	4.097401e-06
465	4.106919e-06
466	4.316580e-06
467	4.087702e-06
468	4.139494e-06
469	4.301127e-06
470	4.127818e-06
471	4.213332e-06
472	4.311196e-06
473	4.196863e-06
474	4.302964e-06
475	4.325866e-06
476	4.260404e-06
477	4.373379e-06
478	4.320920e-06
479	4.287714e-06
480	4.397629e-06
481	4.284236e-06
482	4.267888e-06
483	4.370547e-06
484	4.224661e-06
485	4.215707e-06
486	4.310923e-06
487	4.168671e-06
488	4.163485e-06
489	4.250859e-06
490	4.146112e-06
491	4.143201e-06
492	4.218349e-06
493	4.172920e-06
494	4.168895e-06
495	4.222876e-06
496	4.240724e-06
497	4.229036e-06
498	4.251875e-06
499	4.319519e-06
500	4.292835e-06
501	4.279691e-06
502	4.372448e-06
503	4.326923e-06
504	4.283785e-06
505	4.374889e-06
506	4.313241e-06
507	4.258915e-06
508	4.327285e-06
509	4.258368e-06
510	4.220993e-06
511	4.254481e-06
512	4.189317e-06
513	4.198217e-06
514	4.191968e-06
515	4.138640e-06
516	4.214587e-06
517	4.166941e-06
518	4.127479e-06
519	4.275249e-06
520	4.184619e-06
521	4.155770e-06
522	4.361894e-06
523	4.226745e-06
524	4.204271e-06
525	4.440705e-06
526	4.262315e-06
527	4.246587e-06
528	4.478672e-06
529	4.264341e-06
530	4.264277e-06
531	4.459648e-06
532	4.223774e-06
533	4.256881e-06
534	4.391767e-06
535	4.153581e-06
536	4.241619e-06
537	4.302656e-06
538	4.081553e-06
539	4.243364e-06
540	4.225472e-06
541	4.036383e-06
542	4.280662e-06
543	4.183421e-06
544	4.034521e-06
545	4.355251e-06
546	4.180354e-06
547	4.073985e-06
548	4.450068e-06
549	4.201152e-06
550	4.137165e-06
551	4.536218e-06
552	4.220539e-06
553	4.200285e-06
554	4.585186e-06
555	4.215480e-06
556	4.244569e-06
557	4.580498e-06
558	4.175364e-06
559	4.264000e-06
560	4.523704e-06
561	4.105809e-06
562	4.266576e-06
563	4.432574e-06
564	4.025257e-06
565	4.269284e-06
566	4.333133e-06
567	3.956830e-06
568	4.289789e-06
569	4.249657e-06
570	3.919537e-06
571	4.338832e-06
572	4.196911e-06
573	3.922345e-06
574	4.416254e-06
575	4.177081e-06
576	3.962699e-06
577	4.511480e-06
578	4.181437e-06
579	4.028987e-06
580	4.607488e-06
581	4.195078e-06
582	4.105278e-06
583	4.686310e-06
584	4.202521e-06
585	4.176320e-06
586	4.734023e-06
587	4.192248e-06
588	4.231269e-06
589	4.743784e-06
590	4.159086e-06
591	4.265338e-06
592	4.716403e-06
593	4.104258e-06
594	4.279408e-06
595	4.658812e-06
596	4.033673e-06
597	4.278246e-06
598	4.581385e-06
599	3.955454e-06
600	4.268246e-06
601	4.495157e-06
602	3.877602e-06
603	4.255470e-06
604	4.409719e-06
605	3.806391e-06
606	4.244413e-06
607	4.332098e-06
608	3.745653e-06
609	4.237537e-06
610	4.266539e-06
611	3.696795e-06
612	4.235394e-06
613	4.214874e-06
614	3.659266e-06
615	4.237017e-06
616	4.177164e-06
617	3.631169e-06
618	4.240375e-06
619	4.152319e-06
620	3.609856e-06
621	4.242707e-06
622	4.138591e-06
623	3.592364e-06
624	4.240707e-06
625	4.133868e-06
626	3.575721e-06
627	4.230564e-06
628	4.135812e-06
629	3.557163e-06
630	4.207963e-06
631	4.141935e-06
632	3.534374e-06
633	4.168196e-06
634	4.149737e-06
635	3.505931e-06
636	4.106604e-06
637	4.157079e-06
638	3.472160e-06
639	4.019640e-06
640	4.162916e-06
641	3.436576e-06
642	3.906769e-06
643	4.168300e-06
644	3.407766e-06
645	3.773130e-06
646	4.177028e-06
647	3.400728e-06
648	3.631980e-06
649	4.194519e-06
650	3.435279e-06
651	3.504459e-06
652	4.223098e-06
653	3.528424e-06
654	3.413088e-06
655	4.253300e-06
656	3.680778e-06
657	3.368146e-06
658	4.255619e-06
659	3.866196e-06
660	3.356833e-06
661	4.183941e-06
662	4.040439e-06
663	3.355572e-06
664	4.002282e-06
665	4.170448e-06
666	3.369943e-06
667	3.730753e-06
668	4.254214e-06
669	3.458205e-06
670	3.470532e-06
671	4.298349e-06
672	3.670260e-06
673	3.333448e-06
674	4.261928e-06
675	3.949003e-06
676	3.314651e-06
677	4.052289e-06
678	4.177916e-06
679	3.362460e-06
680	3.673406e-06
681	4.303973e-06
682	3.546856e-06
683	3.360473e-06
684	4.306100e-06
685	3.884374e-06
686	3.288465e-06
687	4.078314e-06
688	4.191443e-06
689	3.367898e-06
690	3.605342e-06
691	4.336293e-06
692	3.647389e-06
693	3.291298e-06
694	4.251880e-06
695	4.055940e-06
696	3.305509e-06
697	3.804239e-06
698	4.321396e-06
699	3.545630e-06
700	3.320181e-06
701	4.302052e-06
702	3.999492e-06
703	3.285081e-06
704	3.849482e-06
705	4.326205e-06
706	3.550336e-06
707	3.301138e-06
708	4.292498e-06
709	4.048419e-06
710	3.298636e-06
711	3.737641e-06
712	4.359236e-06
713	3.656748e-06
714	3.247224e-06
715	4.201000e-06
716	4.183203e-06
717	3.373128e-06
718	3.489199e-06
719	4.370035e-06
720	3.872449e-06
721	3.244605e-06
722	3.938556e-06
723	4.334892e-06
724	3.567771e-06
725	3.259017e-06
726	4.255672e-06
727	4.154533e-06
728	3.359468e-06
729	3.490935e-06
730	4.375665e-06
731	3.904007e-06
732	3.248318e-06
733	3.856477e-06
734	4.365956e-06
735	3.654653e-06
736	3.223068e-06
737	4.159977e-06
738	4.255221e-06
739	3.452300e-06
740	3.327864e-06
741	4.327871e-06
742	4.072934e-06
743	3.315568e-06
744	3.578566e-06
745	4.387482e-06
746	3.861000e-06
747	3.235392e-06
748	3.892757e-06
749	4.364898e-06
750	3.648370e-06
751	3.219815e-06
752	4.157484e-06
753	4.262225e-06
754	3.462050e-06
755	3.315043e-06
756	4.320043e-06
757	4.088613e-06
758	3.323972e-06
759	3.557881e-06
760	4.385116e-06
761	3.869825e-06
762	3.238686e-06
763	3.892490e-06
764	4.359861e-06
765	3.632877e-06
766	3.228951e-06
767	4.185288e-06
768	4.229532e-06
769	3.421577e-06
770	3.378932e-06
771	4.348712e-06
772	3.998197e-06
773	3.279831e-06
774	3.737559e-06
775	4.374170e-06
776	3.705688e-06
777	3.230216e-06
778	4.133031e-06
779	4.245813e-06
780	3.430194e-06
781	3.388909e-06
782	4.347768e-06
783	3.957744e-06
784	3.268171e-06
785	3.845918e-06
786	4.342894e-06
787	3.589184e-06
788	3.273121e-06
789	4.259546e-06
790	4.102049e-06
791	3.321689e-06
792	3.663747e-06
793	4.358454e-06
794	3.680444e-06
795	3.260499e-06
796	4.203578e-06
797	4.141461e-06
798	3.340056e-06
799	3.636696e-06
800	4.349277e-06
801	3.665261e-06
802	3.278140e-06
803	4.231131e-06
804	4.087370e-06
805	3.317030e-06
806	3.763690e-06
807	4.316354e-06
808	3.542481e-06
809	3.347379e-06
810	4.306897e-06
811	3.918925e-06
812	3.289339e-06
813	4.033661e-06
814	4.207294e-06
815	3.379762e-06
816	3.592424e-06
817	4.318216e-06
818	3.611888e-06
819	3.336433e-06
820	4.282436e-06
821	3.927019e-06
822	3.310408e-06
823	4.068457e-06
824	4.158889e-06
825	3.355708e-06
826	3.725932e-06
827	4.267011e-06
828	3.475112e-06
829	3.451662e-06
830	4.297544e-06
831	3.690455e-06
832	3.349306e-06
833	4.259715e-06
834	3.923160e-06
835	3.346269e-06
836	4.125926e-06
837	4.090287e-06
838	3.358358e-06
839	3.911381e-06
840	4.176294e-06
841	3.377927e-06
842	3.684935e-06
843	4.212623e-06
844	3.433260e-06
845	3.515437e-06
846	4.233556e-06
847	3.535673e-06
848	3.428745e-06
849	4.252364e-06
850	3.668503e-06
851	3.408969e-06
852	4.264447e-06
853	3.803854e-06
854	3.424409e-06
855	4.261063e-06
856	3.919265e-06
857	3.448439e-06
858	4.238221e-06
859	4.003594e-06
860	3.466122e-06
861	4.197958e-06
862	4.055214e-06
863	3.472131e-06
864	4.145831e-06
865	4.077909e-06
866	3.466561e-06
867	4.088133e-06
868	4.077416e-06
869	3.451678e-06
870	4.030215e-06
871	4.059388e-06
872	3.430160e-06
873	3.975921e-06
874	4.028547e-06
875	3.404424e-06
876	3.927717e-06
877	3.988565e-06
878	3.376569e-06
879	3.887115e-06
880	3.942316e-06
881	3.348567e-06
882	3.855139e-06
883	3.892249e-06
884	3.322506e-06
885	3.832705e-06
886	3.840754e-06
887	3.300783e-06
888	3.820867e-06
889	3.790426e-06
890	3.286181e-06
891	3.820877e-06
892	3.744166e-06
893	3.281773e-06
894	3.834032e-06
895	3.705060e-06
896	3.290624e-06
897	3.861272e-06
898	3.675998e-06
899	3.315249e-06
900	3.902545e-06
901	3.659029e-06
902	3.356881e-06
903	3.956012e-06
904	3.654568e-06
905	3.414668e-06
906	4.017291e-06
907	3.660660e-06
908	3.485044e-06
909	4.079065e-06
910	3.672624e-06
911	3.561612e-06
912	4.131436e-06
913	3.683448e-06
914	3.635869e-06
915	4.163336e-06
916	3.685160e-06
917	3.698920e-06
918	4.164991e-06
919	3.671106e-06
920	3.743954e-06
921	4.130975e-06
922	3.638572e-06
923	3.768799e-06
924	4.062871e-06
925	3.590817e-06
926	3.777494e-06
927	3.970342e-06
928	3.537445e-06
929	3.779871e-06
930	3.869700e-06
931	3.492470e-06
932	3.788717e-06
933	3.779851e-06
934	3.470230e-06
935	3.815035e-06
936	3.716628e-06
937	3.480295e-06
938	3.862926e-06
939	3.687389e-06
940	3.523245e-06
941	3.926235e-06
942	3.688089e-06
943	3.589267e-06
944	3.988910e-06
945	3.704456e-06
946	3.660811e-06
947	4.029879e-06
948	3.717486e-06
949	3.718950e-06
950	4.031266e-06
951	3.711515e-06
952	3.751216e-06
953	3.986727e-06
954	3.681529e-06
955	3.757366e-06
956	3.905886e-06
957	3.636029e-06
958	3.749823e-06
959	3.812021e-06
960	3.593562e-06
961	3.747819e-06
962	3.733271e-06
963	3.574020e-06
964	3.767490e-06
965	3.690979e-06
966	3.588692e-06
967	3.812644e-06
968	3.690602e-06
969	3.633983e-06
970	3.871090e-06
971	3.719683e-06
972	3.692301e-06
973	3.919157e-06
974	3.754227e-06
975	3.740206e-06
976	3.932955e-06
977	3.770743e-06
978	3.760137e-06
979	3.901107e-06
980	3.758064e-06
981	3.749681e-06
982	3.832134e-06
983	3.722723e-06
984	3.723028e-06
985	3.751952e-06
986	3.684804e-06
987	3.703265e-06
988	3.692149e-06
989	3.666398e-06
990	3.709328e-06
991	3.674908e-06
992	3.678950e-06
993	3.744745e-06
994	3.702490e-06
995	3.716472e-06
996	3.794596e-06
997	3.756774e-06
998	3.758445e-06
999	3.832860e-06