#	Qy
[6.1, 6.12, 6.14, 6.16, 6.18, 6.2, 6.22, 6.24]
#	beta_x_ptc
[11.835, 11.917, 12, 12.083, 12.165, 12.247, 12.328, 12.409]
#	beta_x
[11.496287799470704, 11.622348183114314, 11.752791012666949, 11.882235857048215, 12.017876534237434, 12.155717432086707, 12.286640418239848, 12.418697362251356]
#	beta_x_eff
[15.71937930751325, 15.769989166689998, 15.846834580765128, 15.914760535085426, 16.012224151123437, 16.067729573281675, 16.265895421362465, 16.287392480720673]
#	beta_y_ptc
[24.924, 24.029, 23.44, 23.031, 22.735, 22.513, 22.34, 22.202]
#	beta_y
[28.784027286342415, 27.207938015726914, 25.95396311972594, 24.996666601561824, 24.16981199942386, 23.532576507285963, 23.068468704478313, 22.76306463960286]
#	beta_y_eff
[28.784021415243977, 27.20793652234759, 25.953962447008042, 24.996665150525683, 24.1698108711869, 23.532575659545216, 23.06846817340586, 22.763064622584743]
#	alpha_x_ptc
[0.0115, 0.0099, 0.0082, 0.0065, 0.0047, 0.0029, 0.0012, -0.00055]
#	alpha_x
[0.020196943327589586, 0.017627598679308795, 0.014994645269010886, 0.012378157613604897, 0.009604465728624582, 0.006771094434762246, 0.004103420240249408, 0.0014042139169805218]
#	alpha_x_eff
[0.012644756543632252, 0.010999606000298172, 0.009279390671409909, 0.007565427145992475, 0.005761468634033717, 0.0038912356469907898, 0.002097495908152698, 0.00041000161249536634]
#	alpha_y_ptc
[-0.016, 0.0028, 0.0157, 0.0251, 0.0322, 0.0377, 0.0421, 0.0457]
#	alpha_y
[-0.07633339839729839, -0.04694770375188252, -0.022726415517094378, -0.0032576706141040795, 0.013524545703849094, 0.026632494806317433, 0.03620287285371853, 0.04286149340139552]
#	alpha_y_eff
[-0.07633353873159593, -0.04694768168864276, -0.022726376530043065, -0.0032576498736779915, 0.013524555750239533, 0.026632507622584966, 0.03620287711554266, 0.04286150380905749]
#	D_x_ptc
[2.86, 2.83, 2.8, 2.77, 2.74, 2.71, 2.68, 2.65]
#	D_x
[2.7232998132262445, 2.6998500131457344, 2.6737571779004394, 2.645956067783495, 2.615602483750087, 2.5843844615942437, 2.5525948394197817, 2.5209695063465576]
#	D_y_ptc
[0.0, 0.0, 0.0, 0.0, 0.0, 0.0, 0.0, 0.0]
#	D_y
[0.0008237864638082594, -2.8364867400863136e-05, 0.0005038574946213577, -0.00010499875711448806, 3.6980491474269093e-05, -1.014483389421703e-05, -2.01627560923344e-05, -5.804429820819794e-05]