#Force	z_diff_mid	z_diff_end
-2.000000e-11	0.187350	0.661053
-1.990000e-11	0.186604	0.658151
-1.980000e-11	0.185859	0.655248
-1.970000e-11	0.185113	0.652344
-1.960000e-11	0.184368	0.649441
-1.950000e-11	0.183622	0.646536
-1.940000e-11	0.182876	0.643632
-1.930000e-11	0.182131	0.640727
-1.920000e-11	0.181385	0.637821
-1.910000e-11	0.180639	0.634915
-1.900000e-11	0.179894	0.632009
-1.890000e-11	0.179148	0.629102
-1.880000e-11	0.178402	0.626195
-1.870000e-11	0.177656	0.623287
-1.860000e-11	0.176910	0.620379
-1.850000e-11	0.176164	0.617470
-1.840000e-11	0.175418	0.614561
-1.830000e-11	0.174672	0.611652
-1.820000e-11	0.173926	0.608742
-1.810000e-11	0.173180	0.605831
-1.800000e-11	0.172434	0.602920
-1.790000e-11	0.171688	0.600009
-1.780000e-11	0.170942	0.597097
-1.770000e-11	0.170196	0.594185
-1.760000e-11	0.169450	0.591273
-1.750000e-11	0.168704	0.588360
-1.740000e-11	0.167958	0.585446
-1.730000e-11	0.167211	0.582532
-1.720000e-11	0.166465	0.579618
-1.710000e-11	0.165719	0.576703
-1.700000e-11	0.164972	0.573788
-1.690000e-11	0.164226	0.570872
-1.680000e-11	0.163480	0.567956
-1.670000e-11	0.162733	0.565040
-1.660000e-11	0.161987	0.562123
-1.650000e-11	0.161240	0.559205
-1.640000e-11	0.160494	0.556287
-1.630000e-11	0.159747	0.553369
-1.620000e-11	0.159001	0.550450
-1.610000e-11	0.158254	0.547531
-1.600000e-11	0.157508	0.544612
-1.590000e-11	0.156761	0.541692
-1.580000e-11	0.156014	0.538771
-1.570000e-11	0.155268	0.535850
-1.560000e-11	0.154521	0.532929
-1.550000e-11	0.153774	0.530007
-1.540000e-11	0.153027	0.527085
-1.530000e-11	0.152281	0.524162
-1.520000e-11	0.151534	0.521239
-1.510000e-11	0.150787	0.518315
-1.500000e-11	0.150040	0.515391
-1.490000e-11	0.149293	0.512467
-1.480000e-11	0.148546	0.509542
-1.470000e-11	0.147799	0.506616
-1.460000e-11	0.147052	0.503691
-1.450000e-11	0.146305	0.500764
-1.440000e-11	0.145558	0.497838
-1.430000e-11	0.144811	0.494911
-1.420000e-11	0.144064	0.491983
-1.410000e-11	0.143317	0.489055
-1.400000e-11	0.142570	0.486127
-1.390000e-11	0.141822	0.483198
-1.380000e-11	0.141075	0.480268
-1.370000e-11	0.140328	0.477339
-1.360000e-11	0.139581	0.474408
-1.350000e-11	0.138833	0.471478
-1.340000e-11	0.138086	0.468547
-1.330000e-11	0.137339	0.465615
-1.320000e-11	0.136591	0.462683
-1.310000e-11	0.135844	0.459751
-1.300000e-11	0.135096	0.456818
-1.290000e-11	0.134349	0.453884
-1.280000e-11	0.133601	0.450951
-1.270000e-11	0.132854	0.448017
-1.260000e-11	0.132106	0.445082
-1.250000e-11	0.131359	0.442147
-1.240000e-11	0.130611	0.439211
-1.230000e-11	0.129864	0.436275
-1.220000e-11	0.129116	0.433339
-1.210000e-11	0.128368	0.430402
-1.200000e-11	0.127620	0.427465
-1.190000e-11	0.126873	0.424527
-1.180000e-11	0.126125	0.421589
-1.170000e-11	0.125377	0.418650
-1.160000e-11	0.124629	0.415711
-1.150000e-11	0.123881	0.412772
-1.140000e-11	0.123133	0.409832
-1.130000e-11	0.122386	0.406891
-1.120000e-11	0.121638	0.403951
-1.110000e-11	0.120890	0.401009
-1.100000e-11	0.120142	0.398068
-1.090000e-11	0.119394	0.395125
-1.080000e-11	0.118646	0.392183
-1.070000e-11	0.117897	0.389240
-1.060000e-11	0.117149	0.386296
-1.050000e-11	0.116401	0.383352
-1.040000e-11	0.115653	0.380408
-1.030000e-11	0.114905	0.377463
-1.020000e-11	0.114157	0.374518
-1.010000e-11	0.113408	0.371572
-1.000000e-11	0.112660	0.368626
-9.900000e-12	0.111912	0.365680
-9.800000e-12	0.111163	0.362732
-9.700000e-12	0.110415	0.359785
-9.600000e-12	0.109667	0.356837
-9.500000e-12	0.108918	0.353889
-9.400000e-12	0.108170	0.350940
-9.300000e-12	0.107421	0.347991
-9.200000e-12	0.106673	0.345041
-9.100000e-12	0.105924	0.342091
-9.000000e-12	0.105176	0.339140
-8.900000e-12	0.104427	0.336189
-8.800000e-12	0.103678	0.333238
-8.700000e-12	0.102930	0.330286
-8.600000e-12	0.102181	0.327334
-8.500000e-12	0.101432	0.324381
-8.400000e-12	0.100684	0.321428
-8.300000e-12	0.099935	0.318474
-8.200000e-12	0.099186	0.315520
-8.100000e-12	0.098437	0.312565
-8.000000e-12	0.097688	0.309610
-7.900000e-12	0.096940	0.306655
-7.800000e-12	0.096191	0.303699
-7.700000e-12	0.095442	0.300742
-7.600000e-12	0.094693	0.297786
-7.500000e-12	0.093944	0.294828
-7.400000e-12	0.093195	0.291871
-7.300000e-12	0.092446	0.288913
-7.200000e-12	0.091697	0.285954
-7.100000e-12	0.090947	0.282995
-7.000000e-12	0.090198	0.280036
-6.900000e-12	0.089449	0.277076
-6.800000e-12	0.088700	0.274115
-6.700000e-12	0.087951	0.271155
-6.600000e-12	0.087202	0.268193
-6.500000e-12	0.086452	0.265232
-6.400000e-12	0.085703	0.262270
-6.300000e-12	0.084954	0.259307
-6.200000e-12	0.084204	0.256344
-6.100000e-12	0.083455	0.253380
-6.000000e-12	0.082706	0.250417
-5.900000e-12	0.081956	0.247452
-5.800000e-12	0.081207	0.244487
-5.700000e-12	0.080457	0.241522
-5.600000e-12	0.079708	0.238557
-5.500000e-12	0.078958	0.235590
-5.400000e-12	0.078208	0.232624
-5.300000e-12	0.077459	0.229657
-5.200000e-12	0.076709	0.226689
-5.100000e-12	0.075960	0.223721
-5.000000e-12	0.075210	0.220753
-4.900000e-12	0.074460	0.217784
-4.800000e-12	0.073710	0.214815
-4.700000e-12	0.072961	0.211845
-4.600000e-12	0.072211	0.208875
-4.500000e-12	0.071461	0.205905
-4.400000e-12	0.070711	0.202934
-4.300000e-12	0.069961	0.199962
-4.200000e-12	0.069211	0.196990
-4.100000e-12	0.068461	0.194018
-4.000000e-12	0.067711	0.191045
-3.900000e-12	0.066961	0.188072
-3.800000e-12	0.066211	0.185098
-3.700000e-12	0.065461	0.182124
-3.600000e-12	0.064711	0.179149
-3.500000e-12	0.063961	0.176174
-3.400000e-12	0.063211	0.173199
-3.300000e-12	0.062461	0.170223
-3.200000e-12	0.061711	0.167247
-3.100000e-12	0.060960	0.164270
-3.000000e-12	0.060210	0.161293
-2.900000e-12	0.059460	0.158315
-2.800000e-12	0.058710	0.155337
-2.700000e-12	0.057959	0.152358
-2.600000e-12	0.057209	0.149379
-2.500000e-12	0.056458	0.146400
-2.400000e-12	0.055708	0.143420
-2.300000e-12	0.054958	0.140439
-2.200000e-12	0.054207	0.137458
-2.100000e-12	0.053457	0.134477
-2.000000e-12	0.052706	0.131495
-1.900000e-12	0.051956	0.128513
-1.800000e-12	0.051205	0.125531
-1.700000e-12	0.050454	0.122548
-1.600000e-12	0.049704	0.119564
-1.500000e-12	0.048953	0.116580
-1.400000e-12	0.048202	0.113596
-1.300000e-12	0.047452	0.110611
-1.200000e-12	0.046701	0.107626
-1.100000e-12	0.045950	0.104640
-1.000000e-12	0.045199	0.101654
