
 etall    1, NO =    4, NV =    5, INA =   15
 *********************************************

    I  COEFFICIENT          ORDER   EXPONENTS
     1  -0.4263153584381E-13    0     0 0  0 0  0
 -4.263153584380719E-014
     2   0.2412590364377        1     1 0  0 0  0
  0.241259036437663     
     3    12.32443784859        1     0 1  0 0  0
   12.3244378485916     
     4    1.762684302932        1     0 0  0 0  1
   1.76268430293221     
     5  -0.2819514081098        2     2 0  0 0  0
 -0.281951408109802     
     6   -1.650791580281        2     1 1  0 0  0
  -1.65079158028054     
     7   -21.48872131631        2     0 2  0 0  0
  -21.4887213163119     
     8  -0.8006617260893E-01    2     0 0  2 0  0
 -8.006617260893138E-002
     9   -1.525415702649        2     0 0  1 1  0
  -1.52541570264915     
    10   -3.367444684997        2     1 0  0 0  1
  -3.36744468499695     
    11    5.271495057516        2     0 1  0 0  1
   5.27149505751613     
    12   -7.983899671685        2     0 0  0 2  0
  -7.98389967168528     
    13    9.312079244757        2     0 0  0 0  2
   9.31207924475683     
    14   -15.16376944337        3     3 0  0 0  0
  -15.1637694433650     
    15    36.07370860003        3     2 1  0 0  0
   36.0737086000311     
    16   -2502.183080136        3     1 2  0 0  0
  -2502.18308013567     
    17    7542.185966208        3     0 3  0 0  0
   7542.18596620767     
    18   -1.029948975585        3     1 0  2 0  0
  -1.02994897558547     
    19    5.224868245524        3     0 1  2 0  0
   5.22486824552428     
    20   -7.368750705649        3     1 0  1 1  0
  -7.36875070564874     
    21   -296.5834081869        3     0 1  1 1  0
  -296.583408186903     
    22    100.0340972239        3     2 0  0 0  1
   100.034097223932     
    23   -207.8850476471        3     1 1  0 0  1
  -207.885047647087     
    24    5387.764892449        3     0 2  0 0  1
   5387.76489244909     
    25    1.246289753718        3     0 0  2 0  1
   1.24628975371823     
    26   -39.65169362503        3     1 0  0 2  0
  -39.6516936250325     
    27   -426.8066952437        3     0 1  0 2  0
  -426.806695243661     
    28    63.01762824091        3     0 0  1 1  1
   63.0176282409052     
    29   -586.9918829915        3     1 0  0 0  2
  -586.991882991511     
    30    1190.968545798        3     0 1  0 0  2
   1190.96854579768     
    31    391.7024088175        3     0 0  0 2  1
   391.702408817471     
    32    1003.696313975        3     0 0  0 0  3
   1003.69631397501     
    33   -9.537257610069        4     4 0  0 0  0
  -9.53725761006902     
    34   -80.46198220427        4     3 1  0 0  0
  -80.4619822042741     
    35   -1316.841246092        4     2 2  0 0  0
  -1316.84124609169     
    36   -10093.26006250        4     1 3  0 0  0
  -10093.2600624987     
    37   -82935.28601936        4     0 4  0 0  0
  -82935.2860193577     
    38   -1.154618088858        4     2 0  2 0  0
  -1.15461808885829     
    39   -2.894148803129        4     1 1  2 0  0
  -2.89414880312887     
    40   -78.64601333918        4     0 2  2 0  0
  -78.6460133391783     
    41  -0.6044400144417        4     0 0  4 0  0
 -0.604440014441711     
    42   -33.91663357800        4     2 0  1 1  0
  -33.9166335780019     
    43    155.9758904563        4     1 1  1 1  0
   155.975890456314     
    44   -2073.155801486        4     0 2  1 1  0
  -2073.15580148598     
    45    26.59726241512        4     0 0  3 1  0
   26.5972624151181     
    46    169.6806279703        4     3 0  0 0  1
   169.680627970268     
    47   -729.9640421552        4     2 1  0 0  1
  -729.964042155232     
    48    24205.16384263        4     1 2  0 0  1
   24205.1638426303     
    49   -202773.5553030        4     0 3  0 0  1
  -202773.555303033     
    50    15.75647990372        4     1 0  2 0  1
   15.7564799037239     
    51   -193.0956419042        4     0 1  2 0  1
  -193.095641904192     
    52   -2351.362187036        4     2 0  0 2  0
  -2351.36218703573     
    53    51.31430759518        4     1 1  0 2  0
   51.3143075951766     
    54   -146357.0750686        4     0 2  0 2  0
  -146357.075068569     
    55    36.81035873503        4     0 0  2 2  0
   36.8103587350342     
    56    495.2606433399        4     1 0  1 1  1
   495.260643339906     
    57   -4818.272268313        4     0 1  1 1  1
  -4818.27226831330     
    58   -1011.840973732        4     2 0  0 0  2
  -1011.84097373214     
    59    2639.476715593        4     1 1  0 0  2
   2639.47671559317     
    60   -61789.87524683        4     0 2  0 0  2
  -61789.8752468309     
    61   -17.91420785528        4     0 0  2 0  2
  -17.9142078552770     
    62    14805.95215898        4     0 0  1 3  0
   14805.9521589753     
    63    23463.83892206        4     1 0  0 2  1
   23463.8389220611     
    64    5292.186410702        4     0 1  0 2  1
   5292.18641070228     
    65   -490.5676588259        4     0 0  1 1  2
  -490.567658825872     
    66    2780.987294451        4     1 0  0 0  3
   2780.98729445060     
    67   -27145.86559848        4     0 1  0 0  3
  -27145.8655984773     
    68    146083.5015564        4     0 0  0 4  0
   146083.501556413     
    69   -69516.62115798        4     0 0  0 2  2
  -69516.6211579827     
    70   -2923.817206378        4     0 0  0 0  4
  -2923.81720637786     
                                      

 etall    1, NO =    4, NV =    5, INA =   19
 *********************************************

    I  COEFFICIENT          ORDER   EXPONENTS
     1   0.1472003970749E-17    0     0 0  0 0  0
  1.472003970749460E-018
     2  -0.7612636260525E-01    1     1 0  0 0  0
 -7.612636260524913E-002
     3   0.2560955906330        1     0 1  0 0  0
  0.256095590633027     
     4   0.1769463346311        1     0 0  0 0  1
  0.176946334631054     
     5  -0.1529649997962E-01    2     2 0  0 0  0
 -1.529649997961885E-002
     6  -0.4433398432381        2     1 1  0 0  0
 -0.443339843238133     
     7   -3.667090657944        2     0 2  0 0  0
  -3.66709065794406     
     8  -0.8159961920065E-03    2     0 0  2 0  0
 -8.159961920065047E-004
     9  -0.3229806622404E-01    2     0 0  1 1  0
 -3.229806622403553E-002
    10  -0.1091274478036        2     1 0  0 0  1
 -0.109127447803566     
    11   -3.663475034026        2     0 1  0 0  1
  -3.66347503402552     
    12   -4.531916589097        2     0 0  0 2  0
  -4.53191658909747     
    13   0.3341312048241        2     0 0  0 0  2
  0.334131204824079     
    14  -0.3380965327354        3     3 0  0 0  0
 -0.338096532735379     
    15   -15.73447293394        3     2 1  0 0  0
  -15.7344729339412     
    16   -58.38219993247        3     1 2  0 0  0
  -58.3821999324682     
    17   -2479.024081930        3     0 3  0 0  0
  -2479.02408193002     
    18   0.1034523860379E-01    3     1 0  2 0  0
  1.034523860379481E-002
    19  -0.3800094543325E-01    3     0 1  2 0  0
 -3.800094543325364E-002
    20   -1.648574664071        3     1 0  1 1  0
  -1.64857466407118     
    21    11.28169603940        3     0 1  1 1  0
   11.2816960394043     
    22    2.235612584139        3     2 0  0 0  1
   2.23561258413912     
    23    66.95872022765        3     1 1  0 0  1
   66.9587202276507     
    24    61.70341617487        3     0 2  0 0  1
   61.7034161748719     
    25  -0.1951797322314E-01    3     0 0  2 0  1
 -1.951797322313963E-002
    26   -11.21173962299        3     1 0  0 2  0
  -11.2117396229878     
    27   -451.1454121588        3     0 1  0 2  0
  -451.145412158750     
    28    2.573348904498        3     0 0  1 1  1
   2.57334890449753     
    29   -12.41162822967        3     1 0  0 0  2
  -12.4116282296697     
    30   -440.2580189980        3     0 1  0 0  2
  -440.258018997989     
    31    11.25086761505        3     0 0  0 2  1
   11.2508676150549     
    32    20.08677952966        3     0 0  0 0  3
   20.0867795296564     
    33   0.2390466456932        4     4 0  0 0  0
  0.239046645693219     
    34   -3.276589033591        4     3 1  0 0  0
  -3.27658903359149     
    35   -40.75223881826        4     2 2  0 0  0
  -40.7522388182630     
    36   -22.65265450950        4     1 3  0 0  0
  -22.6526545094965     
    37   -10974.46233593        4     0 4  0 0  0
  -10974.4623359285     
    38   0.5953084643119E-03    4     2 0  2 0  0
  5.953084643119354E-004
    39  -0.7404707406267        4     1 1  2 0  0
 -0.740470740626683     
    40   -8.381402724820        4     0 2  2 0  0
  -8.38140272481991     
    41   0.6106012613646E-02    4     0 0  4 0  0
  6.106012613646489E-003
    42  -0.1766963293166        4     2 0  1 1  0
 -0.176696329316551     
    43   -26.65163698081        4     1 1  1 1  0
  -26.6516369808106     
    44    138.8270800060        4     0 2  1 1  0
   138.827080005960     
    45   -1.324846647271        4     0 0  3 1  0
  -1.32484664727066     
    46    5.557002720133        4     3 0  0 0  1
   5.55700272013257     
    47    112.6482767824        4     2 1  0 0  1
   112.648276782431     
    48    1516.375418155        4     1 2  0 0  1
   1516.37541815465     
    49    17733.96772713        4     0 3  0 0  1
   17733.9677271269     
    50   0.7092250894021E-01    4     1 0  2 0  1
  7.092250894020602E-002
    51    31.38148745819        4     0 1  2 0  1
   31.3814874581881     
    52   -50.49095482097        4     2 0  0 2  0
  -50.4909548209664     
    53   -1478.200652656        4     1 1  0 2  0
  -1478.20065265590     
    54   -1097.331495805        4     0 2  0 2  0
  -1097.33149580492     
    55   -9.366831154149        4     0 0  2 2  0
  -9.36683115414924     
    56   -26.64232981200        4     1 0  1 1  1
  -26.6423298120019     
    57   -116.7943187032        4     0 1  1 1  1
  -116.794318703158     
    58   -36.43405015832        4     2 0  0 0  2
  -36.4340501583186     
    59   -416.5705057937        4     1 1  0 0  2
  -416.570505793690     
    60   -5383.614226229        4     0 2  0 0  2
  -5383.61422622896     
    61   -1.128335741228        4     0 0  2 0  2
  -1.12833574122832     
    62   -709.5034680694        4     0 0  1 3  0
  -709.503468069368     
    63    750.9618463252        4     1 0  0 2  1
   750.961846325211     
    64    7068.908645219        4     0 1  0 2  1
   7068.90864521902     
    65    72.53885186315        4     0 0  1 1  2
   72.5388518631479     
    66    214.9446405698        4     1 0  0 0  3
   214.944640569841     
    67    725.4420847409        4     0 1  0 0  3
   725.442084740866     
    68   -3240.692596982        4     0 0  0 4  0
  -3240.69259698186     
    69   -1503.288210327        4     0 0  0 2  2
  -1503.28821032689     
    70   -382.5083490914        4     0 0  0 0  4
  -382.508349091396     
                                      

 etall    1, NO =    4, NV =    5, INA =   20
 *********************************************

    I  COEFFICIENT          ORDER   EXPONENTS
     1  -0.3756208208844        1     0 0  1 0  0
 -0.375620820884398     
     2    19.72397600769        1     0 0  0 1  0
   19.7239760076943     
     3  -0.2947526606205        2     1 0  1 0  0
 -0.294752660620461     
     4   0.4093674105876        2     0 1  1 0  0
  0.409367410587601     
     5   -3.722102567568        2     1 0  0 1  0
  -3.72210256756789     
     6   -40.56934524282        2     0 1  0 1  0
  -40.5693452428230     
     7    17.33204399848        2     0 0  1 0  1
   17.3320439984818     
     8    163.5581632064        2     0 0  0 1  1
   163.558163206352     
     9   -1.716730716437        3     2 0  1 0  0
  -1.71673071643723     
    10    6.850569890697        3     1 1  1 0  0
   6.85056989069674     
    11   -8.404762456845        3     0 2  1 0  0
  -8.40476245684543     
    12    11.09676601406        3     0 0  3 0  0
   11.0967660140586     
    13   -11.28768371689        3     2 0  0 1  0
  -11.2876837168897     
    14   -500.7215642808        3     1 1  0 1  0
  -500.721564280819     
    15    49.53243371040        3     0 2  0 1  0
   49.5324337103963     
    16    144.0266699259        3     0 0  2 1  0
   144.026669925881     
    17    5.423612369949        3     1 0  1 0  1
   5.42361236994925     
    18   -26.58645695340        3     0 1  1 0  1
  -26.5864569534036     
    19    5554.391920290        3     0 0  1 2  0
   5554.39192029034     
    20    179.6810388484        3     1 0  0 1  1
   179.681038848449     
    21    2046.555326390        3     0 1  0 1  1
   2046.55532638961     
    22   -3.890852880339        3     0 0  1 0  2
  -3.89085288033897     
    23    53539.23380182        3     0 0  0 3  0
   53539.2338018227     
    24   -4207.922622375        3     0 0  0 1  2
  -4207.92262237451     
    25   -2.402128576335        4     3 0  1 0  0
  -2.40212857633478     
    26   -73.32660382234        4     2 1  1 0  0
  -73.3266038223390     
    27   -454.1657501362        4     1 2  1 0  0
  -454.165750136210     
    28   -10168.88744352        4     0 3  1 0  0
  -10168.8874435250     
    29  -0.4773548467847        4     1 0  3 0  0
 -0.477354846784670     
    30    12.34189819919        4     0 1  3 0  0
   12.3418981991929     
    31   -11.06166496909        4     3 0  0 1  0
  -11.0616649690923     
    32   -797.2610005037        4     2 1  0 1  0
  -797.261000503715     
    33   -4649.950306745        4     1 2  0 1  0
  -4649.95030674503     
    34   -114243.0751805        4     0 3  0 1  0
  -114243.075180465     
    35    90.90143914105        4     1 0  2 1  0
   90.9014391410531     
    36    2386.024845864        4     0 1  2 1  0
   2386.02484586383     
    37    28.32006934107        4     2 0  1 0  1
   28.3200693410674     
    38    295.3845696654        4     1 1  1 0  1
   295.384569665359     
    39    6890.289830936        4     0 2  1 0  1
   6890.28983093613     
    40    68.18763077444        4     0 0  3 0  1
   68.1876307744372     
    41   -709.8481569387        4     1 0  1 2  0
  -709.848156938742     
    42    15151.45924218        4     0 1  1 2  0
   15151.4592421841     
    43    770.3527481552        4     2 0  0 1  1
   770.352748155156     
    44   -1834.713989578        4     1 1  0 1  1
  -1834.71398957805     
    45    110657.5146097        4     0 2  0 1  1
   110657.514609672     
    46   -4417.044755144        4     0 0  2 1  1
  -4417.04475514411     
    47   -97.90163923595        4     1 0  1 0  2
  -97.9016392359456     
    48   -1950.877714884        4     0 1  1 0  2
  -1950.87771488354     
    49    33089.89727770        4     1 0  0 3  0
   33089.8972776988     
    50    217987.4469608        4     0 1  0 3  0
   217987.446960831     
    51    13873.12330079        4     0 0  1 2  1
   13873.1233007948     
    52   -2988.195831312        4     1 0  0 1  2
  -2988.19583131199     
    53    6541.574760386        4     0 1  0 1  2
   6541.57476038632     
    54   -1078.448706951        4     0 0  1 0  3
  -1078.44870695096     
    55   -2242131.588829        4     0 0  0 3  1
  -2242131.58882943     
    56    21244.55667337        4     0 0  0 1  3
   21244.5566733726     
                                      

 etall    1, NO =    4, NV =    5, INA =   21
 *********************************************

    I  COEFFICIENT          ORDER   EXPONENTS
     1  -0.4163700367112E-01    1     0 0  1 0  0
 -4.163700367112338E-002
     2  -0.4758861293621        1     0 0  0 1  0
 -0.475886129362117     
     3   0.8290495555179E-03    2     1 0  1 0  0
  8.290495555179004E-004
     4  -0.1025227098784E-01    2     0 1  1 0  0
 -1.025227098784401E-002
     5  -0.8269149978788E-01    2     1 0  0 1  0
 -8.269149978787975E-002
     6   -4.477341533873        2     0 1  0 1  0
  -4.47734153387348     
     7  -0.3766820221774        2     0 0  1 0  1
 -0.376682022177413     
     8    15.95135132111        2     0 0  0 1  1
   15.9513513211102     
     9   0.1709219843028E-01    3     2 0  1 0  0
  1.709219843027690E-002
    10   -1.134949362867        3     1 1  1 0  0
  -1.13494936286739     
    11    5.347433289640        3     0 2  1 0  0
   5.34743328964012     
    12  -0.2285102106005        3     0 0  3 0  0
 -0.228510210600536     
    13   0.9934551192014E-01    3     2 0  0 1  0
  9.934551192014295E-002
    14   -1.175631524502        3     1 1  0 1  0
  -1.17563152450165     
    15   -270.6435689627        3     0 2  0 1  0
  -270.643568962666     
    16    9.793174211313        3     0 0  2 1  0
   9.79317421131330     
    17  -0.1043338948450        3     1 0  1 0  1
 -0.104333894845049     
    18    1.555309768687        3     0 1  1 0  1
   1.55530976868715     
    19   -79.12158342238        3     0 0  1 2  0
  -79.1215834223754     
    20   -1.901719619164        3     1 0  0 1  1
  -1.90171961916377     
    21   -46.55959235310        3     0 1  0 1  1
  -46.5595923530994     
    22    7.940834468942        3     0 0  1 0  2
   7.94083446894204     
    23    4985.776467752        3     0 0  0 3  0
   4985.77646775183     
    24    21.56543737083        3     0 0  0 1  2
   21.5654373708320     
    25   0.3079742128537E-01    4     3 0  1 0  0
  3.079742128537397E-002
    26   0.5488377653040        4     2 1  1 0  0
  0.548837765303965     
    27   -3.221176524485        4     1 2  1 0  0
  -3.22117652448479     
    28    40.94803754579        4     0 3  1 0  0
   40.9480375457852     
    29  -0.5194870869920E-01    4     1 0  3 0  0
 -5.194870869920307E-002
    30   -1.204315169820        4     0 1  3 0  0
  -1.20431516981977     
    31   0.6942403642472        4     3 0  0 1  0
  0.694240364247223     
    32   -12.91247194802        4     2 1  0 1  0
  -12.9124719480190     
    33    277.0209700083        4     1 2  0 1  0
   277.020970008258     
    34   -1546.445007450        4     0 3  0 1  0
  -1546.44500745019     
    35   -1.118373201017        4     1 0  2 1  0
  -1.11837320101708     
    36   -56.26264766574        4     0 1  2 1  0
  -56.2626476657420     
    37   -1.289839287745        4     2 0  1 0  1
  -1.28983928774488     
    38   -9.883370746612        4     1 1  1 0  1
  -9.88337074661190     
    39   -239.1007147834        4     0 2  1 0  1
  -239.100714783353     
    40    9.151145259211        4     0 0  3 0  1
   9.15114525921097     
    41    9.938367437355        4     1 0  1 2  0
   9.93836743735456     
    42    1080.057428959        4     0 1  1 2  0
   1080.05742895910     
    43    29.02875667837        4     2 0  0 1  1
   29.0287566783713     
    44    150.3031822543        4     1 1  0 1  1
   150.303182254269     
    45    1458.106604360        4     0 2  0 1  1
   1458.10660435963     
    46    116.9690490553        4     0 0  2 1  1
   116.969049055324     
    47    6.372620812910        4     1 0  1 0  2
   6.37262081291006     
    48    39.01996014707        4     0 1  1 0  2
   39.0199601470740     
    49   -841.7071795916        4     1 0  0 3  0
  -841.707179591643     
    50   -15420.08935380        4     0 1  0 3  0
  -15420.0893538033     
    51    4729.098731053        4     0 0  1 2  1
   4729.09873105279     
    52   -101.7300529813        4     1 0  0 1  2
  -101.730052981293     
    53    58.18417364336        4     0 1  0 1  2
   58.1841736433624     
    54   -36.94305009478        4     0 0  1 0  3
  -36.9430500947809     
    55    36206.04816227        4     0 0  0 3  1
   36206.0481622655     
    56   -1186.531818621        4     0 0  0 1  3
  -1186.53181862052     
                                      

 etall    1, NO =    4, NV =    5, INA =   22
 *********************************************

    I  COEFFICIENT          ORDER   EXPONENTS
     1    1.000000000000        1     0 0  0 0  1
   1.00000000000000     
                                      

 etall    1, NO =    4, NV =    5, INA =   30
 *********************************************

    I  COEFFICIENT          ORDER   EXPONENTS
     1  -0.2219335826226E-12    0     0 0  0 0  0
 -2.219335826225688E-013
     2   0.1768766465978        1     1 0  0 0  0
  0.176876646597836     
     3    1.729348426039        1     0 1  0 0  0
   1.72934842603906     
     4    16.57342001432        1     0 0  0 0  1
   16.5734200143186     
     5  -0.1642670168298        2     2 0  0 0  0
 -0.164267016829826     
     6   0.6819950666895E-02    2     1 1  0 0  0
  6.819950666894592E-003
     7   -20.58856583615        2     0 2  0 0  0
  -20.5885658361454     
     8   0.4188429228956        2     0 0  2 0  0
  0.418842922895577     
     9   0.6054267413902        2     0 0  1 1  0
  0.605426741390212     
    10    1.175514032609        2     1 0  0 0  1
   1.17551403260865     
    11    10.85671533096        2     0 1  0 0  1
   10.8567153309589     
    12    202.8051824317        2     0 0  0 2  0
   202.805182431700     
    13    4.730567081260        2     0 0  0 0  2
   4.73056708126009     
    14   0.6171542742966        3     3 0  0 0  0
  0.617154274296638     
    15    34.73962037689        3     2 1  0 0  0
   34.7396203768916     
    16    93.57941088446        3     1 2  0 0  0
   93.5794108844613     
    17    5563.227655647        3     0 3  0 0  0
   5563.22765564715     
    18  -0.1365556262263E-01    3     1 0  2 0  0
 -1.365556262263124E-002
    19   0.4552790643021        3     0 1  2 0  0
  0.455279064302079     
    20    5.018150519132        3     1 0  1 1  0
   5.01815051913225     
    21    44.30115586436        3     0 1  1 1  0
   44.3011558643630     
    22   -33.82351985330        3     2 0  0 0  1
  -33.8235198532956     
    23   -165.8503425730        3     1 1  0 0  1
  -165.850342573000     
    24   -4832.416406281        3     0 2  0 0  1
  -4832.41640628080     
    25   -2.928123759591        3     0 0  2 0  1
  -2.92812375959142     
    26  -0.5679072103817        3     1 0  0 2  0
 -0.567907210381673     
    27    843.2222934506        3     0 1  0 2  0
   843.222293450598     
    28   -22.33560838869        3     0 0  1 1  1
  -22.3356083886899     
    29    161.5553901376        3     1 0  0 0  2
   161.555390137638     
    30    1030.073496457        3     0 1  0 0  2
   1030.07349645697     
    31   -1448.589469569        3     0 0  0 2  1
  -1448.58946956875     
    32   -320.8574741526        3     0 0  0 0  3
  -320.857474152571     
    33    2.292630276583        4     4 0  0 0  0
   2.29263027658336     
    34   0.3075847842821        4     3 1  0 0  0
  0.307584784282146     
    35    895.7536260739        4     2 2  0 0  0
   895.753626073851     
    36   -1142.771039747        4     1 3  0 0  0
  -1142.77103974722     
    37    70585.97903752        4     0 4  0 0  0
   70585.9790375226     
    38   0.8646726592960        4     2 0  2 0  0
  0.864672659296046     
    39    14.62202876754        4     1 1  2 0  0
   14.6220287675386     
    40    125.1479925047        4     0 2  2 0  0
   125.147992504664     
    41  -0.4305370126291        4     0 0  4 0  0
 -0.430537012629088     
    42   -19.21344196473        4     2 0  1 1  0
  -19.2134419647287     
    43    246.9127681428        4     1 1  1 1  0
   246.912768142806     
    44    3548.390215872        4     0 2  1 1  0
   3548.39021587215     
    45   -3.929866118866        4     0 0  3 1  0
  -3.92986611886555     
    46   -49.25468281562        4     3 0  0 0  1
  -49.2546828156235     
    47   -243.4547060789        4     2 1  0 0  1
  -243.454706078881     
    48   -7681.704345015        4     1 2  0 0  1
  -7681.70434501520     
    49   -37863.90516802        4     0 3  0 0  1
  -37863.9051680215     
    50   -6.197479787182        4     1 0  2 0  1
  -6.19747978718195     
    51   -109.9781478296        4     0 1  2 0  1
  -109.978147829608     
    52    457.4024462791        4     2 0  0 2  0
   457.402446279051     
    53   -2369.925123159        4     1 1  0 2  0
  -2369.92512315926     
    54    72667.03951960        4     0 2  0 2  0
   72667.0395196035     
    55   -242.6423144452        4     0 0  2 2  0
  -242.642314445152     
    56    122.2622243193        4     1 0  1 1  1
   122.262224319276     
    57   -161.4939036859        4     0 1  1 1  1
  -161.493903685943     
    58    323.6763839599        4     2 0  0 0  2
   323.676383959945     
    59    817.2069460131        4     1 1  0 0  2
   817.206946013122     
    60    35614.44173772        4     0 2  0 0  2
   35614.4417377199     
    61    19.19007122471        4     0 0  2 0  2
   19.1900712247088     
    62   -1548.370405185        4     0 0  1 3  0
  -1548.37040518550     
    63   -5973.416085394        4     1 0  0 2  1
  -5973.41608539447     
    64   -2530.979960094        4     0 1  0 2  1
  -2530.97996009356     
    65   -7.817935033898        4     0 0  1 1  2
  -7.81793503389847     
    66   -1181.686078290        4     1 0  0 0  3
  -1181.68607829014     
    67   -1599.755642458        4     0 1  0 0  3
  -1599.75564245794     
    68   -26895.08300598        4     0 0  0 4  0
  -26895.0830059827     
    69    18951.14949197        4     0 0  0 2  2
   18951.1494919697     
    70    1700.252901536        4     0 0  0 0  4
   1700.25290153567     
                                      
