
 etall    1, NO =    4, NV =    5, INA =   15
 *********************************************

    I  COEFFICIENT          ORDER   EXPONENTS
     1  -0.2797668981840E-13    0     0 0  0 0  0
  -2.7976689818400901E-014
     2   0.2412590364429        1     1 0  0 0  0
  0.24125903644287647     
     3    12.32443784858        1     0 1  0 0  0
   12.324437848576306     
     4    1.762684302918        1     0 0  0 0  1
   1.7626843029184345     
     5  -0.2819514081073        2     2 0  0 0  0
 -0.28195140810730457     
     6   -1.650791580248        2     1 1  0 0  0
  -1.6507915802484170     
     7   -21.48872131607        2     0 2  0 0  0
  -21.488721316069835     
     8  -0.7713024076069E-01    2     0 0  2 0  0
  -7.7130240760686641E-002
     9   -1.465817448663        2     0 0  1 1  0
  -1.4658174486633415     
    10   -3.367444684888        2     1 0  0 0  1
  -3.3674446848878472     
    11    5.271495057475        2     0 1  0 0  1
   5.2714950574754669     
    12   -7.793096262861        2     0 0  0 2  0
  -7.7930962628613276     
    13    9.312079244497        2     0 0  0 0  2
   9.3120792444973972     
    14   -15.16376944338        3     3 0  0 0  0
  -15.163769443383559     
    15    36.07370860118        3     2 1  0 0  0
   36.073708601184421     
    16   -2502.183080139        3     1 2  0 0  0
  -2502.1830801392716     
    17    7542.185966404        3     0 3  0 0  0
   7542.1859664035592     
    18   -1.081403940893        3     1 0  2 0  0
  -1.0814039408925316     
    19    5.390901890157        3     0 1  2 0  0
   5.3909018901571493     
    20   -7.610607534691        3     1 0  1 1  0
  -7.6106075346907680     
    21   -299.8768177014        3     0 1  1 1  0
  -299.87681770136271     
    22    100.0340972241        3     2 0  0 0  1
   100.03409722414378     
    23   -207.8850476510        3     1 1  0 0  1
  -207.88504765099654     
    24    5387.764892464        3     0 2  0 0  1
   5387.7648924639352     
    25    1.399649382666        3     0 0  2 0  1
   1.3996493826662417     
    26   -55.94253893958        3     1 0  0 2  0
  -55.942538939579322     
    27   -381.9163141401        3     0 1  0 2  0
  -381.91631414012613     
    28    61.77285410671        3     0 0  1 1  1
   61.772854106711307     
    29   -586.9918829929        3     1 0  0 0  2
  -586.99188299291529     
    30    1190.968545837        3     0 1  0 0  2
   1190.9685458371232     
    31    418.7493982657        3     0 0  0 2  1
   418.74939826565827     
    32    1003.696313978        3     0 0  0 0  3
   1003.6963139776548     
    33   -9.537257610071        4     4 0  0 0  0
  -9.5372576100714177     
    34   -80.46198220344        4     3 1  0 0  0
  -80.461982203438936     
    35   -1316.841246091        4     2 2  0 0  0
  -1316.8412460907252     
    36   -10093.26006245        4     1 3  0 0  0
  -10093.260062448919     
    37   -82935.28601873        4     0 4  0 0  0
  -82935.286018728788     
    38   -1.145951382698        4     2 0  2 0  0
  -1.1459513826978449     
    39   -2.810205574235        4     1 1  2 0  0
  -2.8102055742350061     
    40   -80.66024289125        4     0 2  2 0  0
  -80.660242891251670     
    41  -0.5814669022097        4     0 0  4 0  0
 -0.58146690220966812     
    42   -33.52131022150        4     2 0  1 1  0
  -33.521310221503697     
    43    147.2468151310        4     1 1  1 1  0
   147.24681513099043     
    44   -1942.408450994        4     0 2  1 1  0
  -1942.4084509938580     
    45    25.51710516514        4     0 0  3 1  0
   25.517105165144436     
    46    169.6806279708        4     3 0  0 0  1
   169.68062797081183     
    47   -729.9640421515        4     2 1  0 0  1
  -729.96404215150687     
    48    24205.16384269        4     1 2  0 0  1
   24205.163842691785     
    49   -202773.5553016        4     0 3  0 0  1
  -202773.55530155663     
    50    15.12277322898        4     1 0  2 0  1
   15.122773228980202     
    51   -196.5355465783        4     0 1  2 0  1
  -196.53554657826905     
    52   -2276.966404227        4     2 0  0 2  0
  -2276.9664042274985     
    53   -263.9981004020        4     1 1  0 2  0
  -263.99810040201925     
    54   -141990.8531143        4     0 2  0 2  0
  -141990.85311426444     
    55    32.18759238822        4     0 0  2 2  0
   32.187592388223230     
    56    499.8916683461        4     1 0  1 1  1
   499.89166834609870     
    57   -4768.295883155        4     0 1  1 1  1
  -4768.2958831553860     
    58   -1011.840973736        4     2 0  0 0  2
  -1011.8409737358793     
    59    2639.476715578        4     1 1  0 0  2
   2639.4767155781174     
    60   -61789.87524674        4     0 2  0 0  2
  -61789.875246743293     
    61   -17.29597403996        4     0 0  2 0  2
  -17.295974039956405     
    62    14211.09123330        4     0 0  1 3  0
   14211.091233300009     
    63    22868.82515734        4     1 0  0 2  1
   22868.825157335021     
    64    6304.142431731        4     0 1  0 2  1
   6304.1424317306873     
    65   -513.2877780477        4     0 0  1 1  2
  -513.28777804774074     
    66    2780.987294459        4     1 0  0 0  3
   2780.9872944588647     
    67   -27145.86559807        4     0 1  0 0  3
  -27145.865598074888     
    68    139449.7038560        4     0 0  0 4  0
   139449.70385599229     
    69   -67421.28053773        4     0 0  0 2  2
  -67421.280537730112     
    70   -2923.817206378        4     0 0  0 0  4
  -2923.8172063780971     
                                      

 etall    1, NO =    4, NV =    5, INA =   19
 *********************************************

    I  COEFFICIENT          ORDER   EXPONENTS
     1   0.6370412233819E-15    0     0 0  0 0  0
   6.3704122338185002E-016
     2  -0.7612636260513E-01    1     1 0  0 0  0
  -7.6126362605131656E-002
     3   0.2560955906383        1     0 1  0 0  0
  0.25609559063825826     
     4   0.1769463346308        1     0 0  0 0  1
  0.17694633463083118     
     5  -0.1529649997968E-01    2     2 0  0 0  0
  -1.5296499979679894E-002
     6  -0.4433398432369        2     1 1  0 0  0
 -0.44333984323694176     
     7   -3.667090657908        2     0 2  0 0  0
  -3.6670906579078819     
     8  -0.8063117924604E-03    2     0 0  2 0  0
  -8.0631179246037454E-004
     9  -0.3114504095734E-01    2     0 0  1 1  0
  -3.1145040957343106E-002
    10  -0.1091274478024        2     1 0  0 0  1
 -0.10912744780242668     
    11   -3.663475033908        2     0 1  0 0  1
  -3.6634750339081856     
    12   -4.366460439593        2     0 0  0 2  0
  -4.3664604395927835     
    13   0.3341312048229        2     0 0  0 0  2
  0.33413120482286146     
    14  -0.3380965327428        3     3 0  0 0  0
 -0.33809653274280305     
    15   -15.73447293397        3     2 1  0 0  0
  -15.734472933969140     
    16   -58.38219993359        3     1 2  0 0  0
  -58.382199933591608     
    17   -2479.024081933        3     0 3  0 0  0
  -2479.0240819329902     
    18   0.9578676864620E-02    3     1 0  2 0  0
   9.5786768646204598E-003
    19  -0.7461578386381E-01    3     0 1  2 0  0
  -7.4615783863806628E-002
    20   -1.677831241552        3     1 0  1 1  0
  -1.6778312415521455     
    21    11.29613678154        3     0 1  1 1  0
   11.296136781543783     
    22    2.235612584188        3     2 0  0 0  1
   2.2356125841875891     
    23    66.95872022776        3     1 1  0 0  1
   66.958720227757922     
    24    61.70341617906        3     0 2  0 0  1
   61.703416179058451     
    25  -0.1786644561760E-01    3     0 0  2 0  1
  -1.7866445617598592E-002
    26   -11.77986196737        3     1 0  0 2  0
  -11.779861967371664     
    27   -474.8303871183        3     0 1  0 2  0
  -474.83038711827368     
    28    2.707714681763        3     0 0  1 1  1
   2.7077146817628339     
    29   -12.41162823000        3     1 0  0 0  2
  -12.411628229998760     
    30   -440.2580189988        3     0 1  0 0  2
  -440.25801899880020     
    31    12.72019183221        3     0 0  0 2  1
   12.720191832212635     
    32    20.08677953030        3     0 0  0 0  3
   20.086779530296027     
    33   0.2390466456888        4     4 0  0 0  0
  0.23904664568879433     
    34   -3.276589033718        4     3 1  0 0  0
  -3.2765890337175074     
    35   -40.75223881914        4     2 2  0 0  0
  -40.752238819137425     
    36   -22.65265452711        4     1 3  0 0  0
  -22.652654527112077     
    37   -10974.46233594        4     0 4  0 0  0
  -10974.462335943479     
    38   0.2694717064314E-02    4     2 0  2 0  0
   2.6947170643144523E-003
    39  -0.7245788732477        4     1 1  2 0  0
 -0.72457887324769121     
    40   -8.372893435288        4     0 2  2 0  0
  -8.3728934352880984     
    41   0.5831144211782E-02    4     0 0  4 0  0
   5.8311442117817691E-003
    42  -0.1820570424316        4     2 0  1 1  0
 -0.18205704243155052     
    43   -26.40680308311        4     1 1  1 1  0
  -26.406803083113491     
    44    125.3159354867        4     0 2  1 1  0
   125.31593548674502     
    45   -1.277182703236        4     0 0  3 1  0
  -1.2771827032356855     
    46    5.557002720082        4     3 0  0 0  1
   5.5570027200818259     
    47    112.6482767834        4     2 1  0 0  1
   112.64827678338881     
    48    1516.375418147        4     1 2  0 0  1
   1516.3754181468157     
    49    17733.96772726        4     0 3  0 0  1
   17733.967727256044     
    50   0.5060552450543E-01    4     1 0  2 0  1
   5.0605524505430877E-002
    51    30.69163931901        4     0 1  2 0  1
   30.691639319013976     
    52   -48.46497556277        4     2 0  0 2  0
  -48.464975562770931     
    53   -1423.210143469        4     1 1  0 2  0
  -1423.2101434692529     
    54   -1171.102287584        4     0 2  0 2  0
  -1171.1022875842277     
    55   -9.095111776484        4     0 0  2 2  0
  -9.0951117764842309     
    56   -26.50428576019        4     1 0  1 1  1
  -26.504285760185589     
    57   -126.0267223690        4     0 1  1 1  1
  -126.02672236903220     
    58   -36.43405015796        4     2 0  0 0  2
  -36.434050157962460     
    59   -416.5705058006        4     1 1  0 0  2
  -416.57050580057648     
    60   -5383.614226212        4     0 2  0 0  2
  -5383.6142262117592     
    61   -1.043112595710        4     0 0  2 0  2
  -1.0431125957099989     
    62   -684.5886190093        4     0 0  1 3  0
  -684.58861900932698     
    63    750.6232162053        4     1 0  0 2  1
   750.62321620531986     
    64    6698.686760727        4     0 1  0 2  1
   6698.6867607270206     
    65    72.14848674686        4     0 0  1 1  2
   72.148486746861181     
    66    214.9446405662        4     1 0  0 0  3
   214.94464056624528     
    67    725.4420847532        4     0 1  0 0  3
   725.44208475315929     
    68   -3138.605959602        4     0 0  0 4  0
  -3138.6059596024243     
    69   -1520.436365890        4     0 0  0 2  2
  -1520.4363658895782     
    70   -382.5083490843        4     0 0  0 0  4
  -382.50834908426179     
                                      

 etall    1, NO =    4, NV =    5, INA =   20
 *********************************************

    I  COEFFICIENT          ORDER   EXPONENTS
     1  -0.3756208208839        1     0 0  1 0  0
 -0.37562082088389720     
     2    19.72397600770        1     0 0  0 1  0
   19.723976007698489     
     3  -0.2947526606150        2     1 0  1 0  0
 -0.29475266061501232     
     4   0.4093674106005        2     0 1  1 0  0
  0.40936741060051884     
     5   -3.722102567488        2     1 0  0 1  0
  -3.7221025674882302     
     6   -40.56934524181        2     0 1  0 1  0
  -40.569345241805124     
     7    17.33204399879        2     0 0  1 0  1
   17.332043998787523     
     8    163.5581632092        2     0 0  0 1  1
   163.55816320922190     
     9   -1.716730716118        3     2 0  1 0  0
  -1.7167307161182894     
    10    6.850569890312        3     1 1  1 0  0
   6.8505698903121006     
    11   -8.404762439811        3     0 2  1 0  0
  -8.4047624398110070     
    12    11.10132929791        3     0 0  3 0  0
   11.101329297906469     
    13   -11.28768371414        3     2 0  0 1  0
  -11.287683714144144     
    14   -500.7215642206        3     1 1  0 1  0
  -500.72156422057549     
    15    49.53243397918        3     0 2  0 1  0
   49.532433979175636     
    16    144.0997700539        3     0 0  2 1  0
   144.09977005388660     
    17    5.423612368558        3     1 0  1 0  1
   5.4236123685584579     
    18   -26.58645695154        3     0 1  1 0  1
  -26.586456951539592     
    19    5557.119882052        3     0 0  1 2  0
   5557.1198820516993     
    20    179.6810388374        3     1 0  0 1  1
   179.68103883736140     
    21    2046.555326267        3     0 1  0 1  1
   2046.5553262670144     
    22   -3.890852874027        3     0 0  1 0  2
  -3.8908528740274093     
    23    53568.38641941        3     0 0  0 3  0
   53568.386419410934     
    24   -4207.922622457        3     0 0  0 1  2
  -4207.9226224573240     
    25   -2.402128576246        4     3 0  1 0  0
  -2.4021285762464681     
    26   -73.32660381995        4     2 1  1 0  0
  -73.326603819953561     
    27   -454.1657501228        4     1 2  1 0  0
  -454.16575012278258     
    28   -10168.88744339        4     0 3  1 0  0
  -10168.887443389720     
    29  -0.4767993484318        4     1 0  3 0  0
 -0.47679934843179861     
    30    12.16100251283        4     0 1  3 0  0
   12.161002512833676     
    31   -11.06166496790        4     3 0  0 1  0
  -11.061664967897705     
    32   -797.2610004704        4     2 1  0 1  0
  -797.26100047035243     
    33   -4649.950306342        4     1 2  0 1  0
  -4649.9503063418269     
    34   -114243.0751761        4     0 3  0 1  0
  -114243.07517608987     
    35    91.00362758844        4     1 0  2 1  0
   91.003627588438121     
    36    2386.072328496        4     0 1  2 1  0
   2386.0723284957435     
    37    28.32006934077        4     2 0  1 0  1
   28.320069340768306     
    38    295.3845696735        4     1 1  1 0  1
   295.38456967352914     
    39    6890.289830882        4     0 2  1 0  1
   6890.2898308823023     
    40    68.45422090771        4     0 0  3 0  1
   68.454220907709683     
    41   -705.6973783759        4     1 0  1 2  0
  -705.69737837589776     
    42    15098.56089010        4     0 1  1 2  0
   15098.560890096996     
    43    770.3527480452        4     2 0  0 1  1
   770.35274804524386     
    44   -1834.713989677        4     1 1  0 1  1
  -1834.7139896765907     
    45    110657.5145964        4     0 2  0 1  1
   110657.51459637145     
    46   -4415.559409617        4     0 0  2 1  1
  -4415.5594096168443     
    47   -97.90163923551        4     1 0  1 0  2
  -97.901639235512846     
    48   -1950.877714887        4     0 1  1 0  2
  -1950.8777148869035     
    49    33160.47974157        4     1 0  0 3  0
   33160.479741574898     
    50    218575.4167933        4     0 1  0 3  0
   218575.41679334341     
    51    13998.95907995        4     0 0  1 2  1
   13998.959079952585     
    52   -2988.195830820        4     1 0  0 1  2
  -2988.1958308200205     
    53    6541.574760670        4     0 1  0 1  2
   6541.5747606696223     
    54   -1078.448706994        4     0 0  1 0  3
  -1078.4487069938734     
    55   -2242167.184884        4     0 0  0 3  1
  -2242167.1848843214     
    56    21244.55667179        4     0 0  0 1  3
   21244.556671785522     
                                      

 etall    1, NO =    4, NV =    5, INA =   21
 *********************************************

    I  COEFFICIENT          ORDER   EXPONENTS
     1  -0.4163700367113E-01    1     0 0  1 0  0
  -4.1637003671134543E-002
     2  -0.4758861293617        1     0 0  0 1  0
 -0.47588612936168051     
     3   0.8290495555293E-03    2     1 0  1 0  0
   8.2904955552930474E-004
     4  -0.1025227098756E-01    2     0 1  1 0  0
  -1.0252270987564191E-002
     5  -0.8269149978714E-01    2     1 0  0 1  0
  -8.2691499787143144E-002
     6   -4.477341533798        2     0 1  0 1  0
  -4.4773415337983753     
     7  -0.3766820221835        2     0 0  1 0  1
 -0.37668202218350511     
     8    15.95135132141        2     0 0  0 1  1
   15.951351321411364     
     9   0.1709219842650E-01    3     2 0  1 0  0
   1.7092198426496882E-002
    10   -1.134949362743        3     1 1  1 0  0
  -1.1349493627431257     
    11    5.347433288848        3     0 2  1 0  0
   5.3474332888484515     
    12  -0.2285920481231        3     0 0  3 0  0
 -0.22859204812312800     
    13   0.9934551201464E-01    3     2 0  0 1  0
   9.9345512014636969E-002
    14   -1.175631523980        3     1 1  0 1  0
  -1.1756315239801793     
    15   -270.6435689133        3     0 2  0 1  0
  -270.64356891331778     
    16    9.796368380123        3     0 0  2 1  0
   9.7963683801230150     
    17  -0.1043338948271        3     1 0  1 0  1
 -0.10433389482709096     
    18    1.555309768404        3     0 1  1 0  1
   1.5553097684038590     
    19   -79.15125164871        3     0 0  1 2  0
  -79.151251648711636     
    20   -1.901719619593        3     1 0  0 1  1
  -1.9017196195932393     
    21   -46.55959235321        3     0 1  0 1  1
  -46.559592353205211     
    22    7.940834469119        3     0 0  1 0  2
   7.9408344691193715     
    23    4987.948099428        3     0 0  0 3  0
   4987.9480994283367     
    24    21.56543737657        3     0 0  0 1  2
   21.565437376566390     
    25   0.3079742128227E-01    4     3 0  1 0  0
   3.0797421282268977E-002
    26   0.5488377652614        4     2 1  1 0  0
  0.54883776526135308     
    27   -3.221176524254        4     1 2  1 0  0
  -3.2211765242539947     
    28    40.94803754838        4     0 3  1 0  0
   40.948037548383859     
    29  -0.5191931355855E-01    4     1 0  3 0  0
  -5.1919313558550353E-002
    30   -1.202015235570        4     0 1  3 0  0
  -1.2020152355704621     
    31   0.6942403642352        4     3 0  0 1  0
  0.69424036423519642     
    32   -12.91247194862        4     2 1  0 1  0
  -12.912471948620931     
    33    277.0209699926        4     1 2  0 1  0
   277.02096999255741     
    34   -1546.445007544        4     0 3  0 1  0
  -1546.4450075439722     
    35   -1.115730472020        4     1 0  2 1  0
  -1.1157304720202796     
    36   -56.22283148579        4     0 1  2 1  0
  -56.222831485789897     
    37   -1.289839287568        4     2 0  1 0  1
  -1.2898392875675389     
    38   -9.883370746074        4     1 1  1 0  1
  -9.8833707460736893     
    39   -239.1007147482        4     0 2  1 0  1
  -239.10071474822942     
    40    9.149576747181        4     0 0  3 0  1
   9.1495767471809657     
    41    10.02539680064        4     1 0  1 2  0
   10.025396800643733     
    42    1083.439016400        4     0 1  1 2  0
   1083.4390164000679     
    43    29.02875667890        4     2 0  0 1  1
   29.028756678902468     
    44    150.3031822394        4     1 1  0 1  1
   150.30318223940344     
    45    1458.106604404        4     0 2  0 1  1
   1458.1066044038444     
    46    117.2350751762        4     0 0  2 1  1
   117.23507517615380     
    47    6.372620812133        4     1 0  1 0  2
   6.3726208121327907     
    48    39.01996014610        4     0 1  1 0  2
   39.019960146104012     
    49   -841.1822551790        4     1 0  0 3  0
  -841.18225517900896     
    50   -15422.90540119        4     0 1  0 3  0
  -15422.905401190308     
    51    4729.665795196        4     0 0  1 2  1
   4729.6657951964899     
    52   -101.7300529834        4     1 0  0 1  2
  -101.73005298341474     
    53    58.18417369377        4     0 1  0 1  2
   58.184173693767264     
    54   -36.94305009155        4     0 0  1 0  3
  -36.943050091547725     
    55    36327.23160078        4     0 0  0 3  1
   36327.231600784464     
    56   -1186.531818656        4     0 0  0 1  3
  -1186.5318186556774     
                                      

 etall    1, NO =    4, NV =    5, INA =   22
 *********************************************

    I  COEFFICIENT          ORDER   EXPONENTS
     1    1.000000000000        1     0 0  0 0  1
   1.0000000000000000     
                                      

 etall    1, NO =    4, NV =    5, INA =   30
 *********************************************

    I  COEFFICIENT          ORDER   EXPONENTS
     1  -0.1667554982987E-12    0     0 0  0 0  0
  -1.6675549829869851E-013
     2   0.1768766465976        1     1 0  0 0  0
  0.17687664659760377     
     3    1.729348426027        1     0 1  0 0  0
   1.7293484260273990     
     4    16.57342001432        1     0 0  0 0  1
   16.573420014323673     
     5  -0.1642670168252        2     2 0  0 0  0
 -0.16426701682519512     
     6   0.6819950671272E-02    2     1 1  0 0  0
   6.8199506712718246E-003
     7   -20.58856583546        2     0 2  0 0  0
  -20.588565835457022     
     8   0.4379781873593        2     0 0  2 0  0
  0.43797818735927585     
     9   0.6535950186349        2     0 0  1 1  0
  0.65359501863488323     
    10    1.175514032587        2     1 0  0 0  1
   1.1755140325869591     
    11    10.85671533069        2     0 1  0 0  1
   10.856715330689260     
    12    211.5406604559        2     0 0  0 2  0
   211.54066045590585     
    13    4.730567081334        2     0 0  0 0  2
   4.7305670813339669     
    14   0.6171542743157        3     3 0  0 0  0
  0.61715427431574965     
    15    34.73962037697        3     2 1  0 0  0
   34.739620376966222     
    16    93.57941088720        3     1 2  0 0  0
   93.579410887202656     
    17    5563.227655657        3     0 3  0 0  0
   5563.2276556573042     
    18  -0.1041820558726E-01    3     1 0  2 0  0
  -1.0418205587264116E-002
    19   0.5592050817110        3     0 1  2 0  0
  0.55920508171101990     
    20    5.137668424618        3     1 0  1 1  0
   5.1376684246176163     
    21    47.10830308166        3     0 1  1 1  0
   47.108303081662072     
    22   -33.82351985352        3     2 0  0 0  1
  -33.823519853521326     
    23   -165.8503425732        3     1 1  0 0  1
  -165.85034257324412     
    24   -4832.416406308        3     0 2  0 0  1
  -4832.4164063075586     
    25   -2.925930459167        3     0 0  2 0  1
  -2.9259304591673789     
    26    1.022479881652        3     1 0  0 2  0
   1.0224798816520917     
    27    896.5517938333        3     0 1  0 2  0
   896.55179383332415     
    28   -22.69228473023        3     0 0  1 1  1
  -22.692284730226916     
    29    161.5553901390        3     1 0  0 0  2
   161.55539013898124     
    30    1030.073496460        3     0 1  0 0  2
   1030.0734964604464     
    31   -1460.535203853        3     0 0  0 2  1
  -1460.5352038531666     
    32   -320.8574741553        3     0 0  0 0  3
  -320.85747415528692     
    33    2.292630276603        4     4 0  0 0  0
   2.2926302766031994     
    34   0.3075847843866        4     3 1  0 0  0
  0.30758478438657699     
    35    895.7536260787        4     2 2  0 0  0
   895.75362607865475     
    36   -1142.771039729        4     1 3  0 0  0
  -1142.7710397286189     
    37    70585.97903799        4     0 4  0 0  0
   70585.979037993093     
    38   0.8427390268626        4     2 0  2 0  0
  0.84273902686259838     
    39    14.93307644011        4     1 1  2 0  0
   14.933076440108511     
    40    118.7900765779        4     0 2  2 0  0
   118.79007657788603     
    41  -0.4269717130130        4     0 0  4 0  0
 -0.42697171301300541     
    42   -19.85245433604        4     2 0  1 1  0
  -19.852454336040591     
    43    262.9023961581        4     1 1  1 1  0
   262.90239615809963     
    44    3670.418256466        4     0 2  1 1  0
   3670.4182564662165     
    45   -3.944554773784        4     0 0  3 1  0
  -3.9445547737840267     
    46   -49.25468281558        4     3 0  0 0  1
  -49.254682815577560     
    47   -243.4547060799        4     2 1  0 0  1
  -243.45470607991155     
    48   -7681.704345014        4     1 2  0 0  1
  -7681.7043450135079     
    49   -37863.90516823        4     0 3  0 0  1
  -37863.905168231824     
    50   -6.052497289906        4     1 0  2 0  1
  -6.0524972899063814     
    51   -109.0664028337        4     0 1  2 0  1
  -109.06640283374894     
    52    438.4650496952        4     2 0  0 2  0
   438.46504969519515     
    53   -2668.085040976        4     1 1  0 2  0
  -2668.0850409757304     
    54    72067.35700536        4     0 2  0 2  0
   72067.357005355836     
    55   -238.0348598246        4     0 0  2 2  0
  -238.03485982455223     
    56    125.5970799612        4     1 0  1 1  1
   125.59707996124259     
    57   -178.7781158465        4     0 1  1 1  1
  -178.77811584648219     
    58    323.6763839594        4     2 0  0 0  2
   323.67638395935700     
    59    817.2069460201        4     1 1  0 0  2
   817.20694602006290     
    60    35614.44173777        4     0 2  0 0  2
   35614.441737771078     
    61    18.54892542334        4     0 0  2 0  2
   18.548925423339206     
    62   -1572.041858187        4     0 0  1 3  0
  -1572.0418581866074     
    63   -5794.649209797        4     1 0  0 2  1
  -5794.6492097971459     
    64   -1245.915875990        4     0 1  0 2  1
  -1245.9158759903976     
    65   -13.83389859728        4     0 0  1 1  2
  -13.833898597275562     
    66   -1181.686078282        4     1 0  0 0  3
  -1181.6860782820372     
    67   -1599.755642462        4     0 1  0 0  3
  -1599.7556424615468     
    68   -25996.52459309        4     0 0  0 4  0
  -25996.524593091806     
    69    18510.32794551        4     0 0  0 2  2
   18510.327945511537     
    70    1700.252901518        4     0 0  0 0  4
   1700.2529015180166     
                                      
