
 etall    1, NO =    4, NV =    5, INA =   15
 *********************************************

    I  COEFFICIENT          ORDER   EXPONENTS
     1  -0.1132810683898E-12    0     0 0  0 0  0
  -1.1328106838978806E-013
     2   0.4335007220689        1     1 0  0 0  0
  0.43350072206889712     
     3    18.87645397919        1     0 1  0 0  0
   18.876453979188824     
     4    1.727652697628        1     0 0  0 0  1
   1.7276526976279611     
     5  -0.1742920679448        2     2 0  0 0  0
 -0.17429206794477561     
     6   -2.812262505425        2     1 1  0 0  0
  -2.8122625054252475     
     7   -15.81934453268        2     0 2  0 0  0
  -15.819344532676233     
     8  -0.1947840257193        2     0 0  2 0  0
 -0.19478402571933212     
     9   -7.026244344528        2     0 0  1 1  0
  -7.0262443445280649     
    10   -1.727243484256        2     1 0  0 0  1
  -1.7272434842559026     
    11    16.02006231584        2     0 1  0 0  1
   16.020062315841649     
    12   -38.18941069942        2     0 0  0 2  0
  -38.189410699417778     
    13    6.893390570702        2     0 0  0 0  2
   6.8933905707020688     
    14   -1.236045993267        3     3 0  0 0  0
  -1.2360459932671983     
    15    6.076745772506        3     2 1  0 0  0
   6.0767457725057739     
    16   -400.8508664232        3     1 2  0 0  0
  -400.85086642324006     
    17    3757.293560126        3     0 3  0 0  0
   3757.2935601263225     
    18   -11.46145346957        3     1 0  2 0  0
  -11.461453469574028     
    19    44.16526673736        3     0 1  2 0  0
   44.165266737359353     
    20   -30.68701060890        3     1 0  1 1  0
  -30.687010608903346     
    21   -1572.315558696        3     0 1  1 1  0
  -1572.3155586956309     
    22    10.43388671494        3     2 0  0 0  1
   10.433886714939545     
    23   -59.68414185871        3     1 1  0 0  1
  -59.684141858712195     
    24    1040.879940611        3     0 2  0 0  1
   1040.8799406111359     
    25    33.17327947710        3     0 0  2 0  1
   33.173279477096280     
    26   -579.5018082233        3     1 0  0 2  0
  -579.50180822331527     
    27    7964.726079736        3     0 1  0 2  0
   7964.7260797361478     
    28    48.05732378054        3     0 0  1 1  1
   48.057323780540102     
    29   -85.45695785211        3     1 0  0 0  2
  -85.456957852110463     
    30    486.6603761469        3     0 1  0 0  2
   486.66037614690129     
    31    1520.791051492        3     0 0  0 2  1
   1520.7910514921205     
    32    199.0252947487        3     0 0  0 0  3
   199.02529474868533     
    33  -0.5379112938302        4     4 0  0 0  0
 -0.53791129383018732     
    34   -9.783385712286        4     3 1  0 0  0
  -9.7833857122861847     
    35   -298.6632866985        4     2 2  0 0  0
  -298.66328669846013     
    36   -3922.948740784        4     1 3  0 0  0
  -3922.9487407835122     
    37   -31468.79070678        4     0 4  0 0  0
  -31468.790706776854     
    38   -12.20277305963        4     2 0  2 0  0
  -12.202773059631568     
    39   -33.14531851323        4     1 1  2 0  0
  -33.145318513226250     
    40    130.6081268499        4     0 2  2 0  0
   130.60812684986647     
    41   -3.592272293180        4     0 0  4 0  0
  -3.5922722931801783     
    42   -32.89613187328        4     2 0  1 1  0
  -32.896131873280460     
    43   -917.9571198779        4     1 1  1 1  0
  -917.95711987790480     
    44   -13977.80685766        4     0 2  1 1  0
  -13977.806857659809     
    45   -47.22144641105        4     0 0  3 1  0
  -47.221446411048056     
    46    2.008236288374        4     3 0  0 0  1
   2.0082362883742801     
    47   -7.380949404867        4     2 1  0 0  1
  -7.3809494048668043     
    48    332.5958805180        4     1 2  0 0  1
   332.59588051804172     
    49   -20164.14609117        4     0 3  0 0  1
  -20164.146091167291     
    50    172.7142462639        4     1 0  2 0  1
   172.71424626390422     
    51   -456.4399668385        4     0 1  2 0  1
  -456.43996683850332     
    52    122.3298353608        4     2 0  0 2  0
   122.32983536076514     
    53   -12981.40310832        4     1 1  0 2  0
  -12981.403108320161     
    54   -221330.7778532        4     0 2  0 2  0
  -221330.77785317632     
    55   -317.0746204343        4     0 0  2 2  0
  -317.07462043426005     
    56   -145.8894651840        4     1 0  1 1  1
  -145.88946518404447     
    57    27042.61364463        4     0 1  1 1  1
   27042.613644629349     
    58   -1.088217185623        4     2 0  0 0  2
  -1.0882171856228575     
    59   -145.8112548032        4     1 1  0 0  2
  -145.81125480322930     
    60   -3265.406608555        4     0 2  0 0  2
  -3265.4066085553400     
    61   -448.4374911822        4     0 0  2 0  2
  -448.43749118218977     
    62   -4259.711381695        4     0 0  1 3  0
  -4259.7113816947503     
    63    1207.444643643        4     1 0  0 2  1
   1207.4446436428880     
    64   -194775.0229628        4     0 1  0 2  1
  -194775.02296282916     
    65    503.4640972628        4     0 0  1 1  2
   503.46409726279256     
    66   -15.59305131206        4     1 0  0 0  3
  -15.593051312062695     
    67   -3504.859065401        4     0 1  0 0  3
  -3504.8590654005766     
    68   -40107.21372817        4     0 0  0 4  0
  -40107.213728170042     
    69   -7589.639474626        4     0 0  0 2  2
  -7589.6394746256774     
    70    30.16357404120        4     0 0  0 0  4
   30.163574041197915     
                                      

 etall    1, NO =    4, NV =    5, INA =   19
 *********************************************

    I  COEFFICIENT          ORDER   EXPONENTS
     1   0.1359030463605E-14    0     0 0  0 0  0
   1.3590304636051971E-015
     2  -0.4556714305140E-01    1     1 0  0 0  0
  -4.5567143051402893E-002
     3   0.3226151978688        1     0 1  0 0  0
  0.32261519786878057     
     4   0.1414053099580        1     0 0  0 0  1
  0.14140530995795950     
     5  -0.9616160335254E-02    2     2 0  0 0  0
  -9.6161603352538493E-003
     6  -0.2824279221700        2     1 1  0 0  0
 -0.28242792216995288     
     7   -3.439757107899        2     0 2  0 0  0
  -3.4397571078992515     
     8  -0.1757643224782E-01    2     0 0  2 0  0
  -1.7576432247817145E-002
     9  -0.5735181385838        2     0 0  1 1  0
 -0.57351813858381584     
    10  -0.3812064859970E-01    2     1 0  0 0  1
  -3.8120648599704779E-002
    11   -2.058442111671        2     0 1  0 0  1
  -2.0584421116714591     
    12   -2.794779647837        2     0 0  0 2  0
  -2.7947796478366107     
    13   0.2000423207785        2     0 0  0 0  2
  0.20004232077854217     
    14  -0.2439209375858E-01    3     3 0  0 0  0
  -2.4392093758580924E-002
    15   -1.167865507039        3     2 1  0 0  0
  -1.1678655070388866     
    16   -15.30512633364        3     1 2  0 0  0
  -15.305126333637942     
    17   -525.6620858868        3     0 3  0 0  0
  -525.66208588675477     
    18  -0.1869408069808        3     1 0  2 0  0
 -0.18694080698082005     
    19   -4.195385049203        3     0 1  2 0  0
  -4.1953850492033968     
    20   -5.011955123186        3     1 0  1 1  0
  -5.0119551231859445     
    21   -28.91656254867        3     0 1  1 1  0
  -28.916562548671426     
    22   0.2160021873650        3     2 0  0 0  1
  0.21600218736502574     
    23    6.311006595702        3     1 1  0 0  1
   6.3110065957017358     
    24    25.99151986231        3     0 2  0 0  1
   25.991519862312455     
    25   0.6167326752365        3     0 0  2 0  1
  0.61673267523645026     
    26   -31.63087720723        3     1 0  0 2  0
  -31.630877207229045     
    27   -1772.606159974        3     0 1  0 2  0
  -1772.6061599740951     
    28    13.28251317753        3     0 0  1 1  1
   13.282513177528163     
    29   -1.596886676432        3     1 0  0 0  2
  -1.5968866764315439     
    30   -66.70275708293        3     0 1  0 0  2
  -66.702757082930916     
    31    58.51880678020        3     0 0  0 2  1
   58.518806780195064     
    32    3.485805894821        3     0 0  0 0  3
   3.4858058948213131     
    33  -0.1183783815804E-03    4     4 0  0 0  0
  -1.1837838158042235E-004
    34  -0.5408156864972        4     3 1  0 0  0
 -0.54081568649720524     
    35   -8.517676730229        4     2 2  0 0  0
  -8.5176767302294341     
    36   -101.0421398851        4     1 3  0 0  0
  -101.04213988507601     
    37   -2766.870323477        4     0 4  0 0  0
  -2766.8703234774889     
    38   0.1531259794686        4     2 0  2 0  0
  0.15312597946862055     
    39   -2.572487211599        4     1 1  2 0  0
  -2.5724872115987685     
    40    9.960606616334        4     0 2  2 0  0
   9.9606066163343137     
    41  -0.6717403611243        4     0 0  4 0  0
 -0.67174036112432367     
    42   0.4690255084468E-01    4     2 0  1 1  0
   4.6902550844675428E-002
    43    13.68991497008        4     1 1  1 1  0
   13.689914970082839     
    44    1577.994955438        4     0 2  1 1  0
   1577.9949554382529     
    45   -2.103720939172        4     0 0  3 1  0
  -2.1037209391719216     
    46   0.9004665036942E-01    4     3 0  0 0  1
   9.0046650369420209E-002
    47    1.071164244099        4     2 1  0 0  1
   1.0711642440988767     
    48    101.6783821068        4     1 2  0 0  1
   101.67838210683945     
    49   -543.9288603986        4     0 3  0 0  1
  -543.92886039861219     
    50    2.660037797744        4     1 0  2 0  1
   2.6600377977440872     
    51    28.08569166556        4     0 1  2 0  1
   28.085691665559942     
    52    4.354066602160        4     2 0  0 2  0
   4.3540666021603602     
    53    567.3650199578        4     1 1  0 2  0
   567.36501995780850     
    54   -18837.82392536        4     0 2  0 2  0
  -18837.823925356653     
    55   -17.90349302428        4     0 0  2 2  0
  -17.903493024280106     
    56    74.63829875756        4     1 0  1 1  1
   74.638298757560847     
    57    710.1542053447        4     0 1  1 1  1
   710.15420534472048     
    58  -0.4588152542976        4     2 0  0 0  2
 -0.45881525429756653     
    59    1.893258688753        4     1 1  0 0  2
   1.8932586887534200     
    60   -569.0486044202        4     0 2  0 0  2
  -569.04860442017275     
    61   -4.068666243516        4     0 0  2 0  2
  -4.0686662435155290     
    62    600.0815204873        4     0 0  1 3  0
   600.08152048729380     
    63    321.6365281509        4     1 0  0 2  1
   321.63652815093428     
    64    18151.16381609        4     0 1  0 2  1
   18151.163816085656     
    65   -178.1821942588        4     0 0  1 1  2
  -178.18219425884354     
    66    8.924215883393        4     1 0  0 0  3
   8.9242158833926464     
    67   -4.751125696429        4     0 1  0 0  3
  -4.7511256964291704     
    68    13107.75882563        4     0 0  0 4  0
   13107.758825629297     
    69   -1866.607205726        4     0 0  0 2  2
  -1866.6072057264278     
    70   -26.25632849385        4     0 0  0 0  4
  -26.256328493848859     
                                      

 etall    1, NO =    4, NV =    5, INA =   20
 *********************************************

    I  COEFFICIENT          ORDER   EXPONENTS
     1   0.1292504678359        1     0 0  1 0  0
  0.12925046783586649     
     2    12.25137886918        1     0 0  0 1  0
   12.251378869182311     
     3  -0.3364674112487        2     1 0  1 0  0
 -0.33646741124874113     
     4   -5.600940048831        2     0 1  1 0  0
  -5.6009400488309931     
     5   -6.329517090319        2     1 0  0 1  0
  -6.3295170903190803     
     6   -96.33981074359        2     0 1  0 1  0
  -96.339810743594796     
     7   -4.524017074425        2     0 0  1 0  1
  -4.5240170744253367     
     8    6.330546054849        2     0 0  0 1  1
   6.3305460548494583     
     9   -7.049111262763        3     2 0  1 0  0
  -7.0491112627630077     
    10    15.13578146549        3     1 1  1 0  0
   15.135781465492652     
    11   -1137.285271734        3     0 2  1 0  0
  -1137.2852717344406     
    12    19.94564115375        3     0 0  3 0  0
   19.945641153747889     
    13   -15.30224212897        3     2 0  0 1  0
  -15.302242128974338     
    14   -893.9106069697        3     1 1  0 1  0
  -893.91060696971169     
    15    4367.439200264        3     0 2  0 1  0
   4367.4392002639343     
    16    55.89998251839        3     0 0  2 1  0
   55.899982518389400     
    17    39.73559657230        3     1 0  1 0  1
   39.735596572296807     
    18   -61.54569930326        3     0 1  1 0  1
  -61.545699303259426     
    19    3022.106445794        3     0 0  1 2  0
   3022.1064457936650     
    20    49.22775919008        3     1 0  0 1  1
   49.227759190079531     
    21    1998.280925523        3     0 1  0 1  1
   1998.2809255227792     
    22   -216.3697131701        3     0 0  1 0  2
  -216.36971317008783     
    23   -315.4805990918        3     0 0  0 3  0
  -315.48059909181370     
    24   -200.9684570166        3     0 0  0 1  2
  -200.96845701663642     
    25   -3.915826141612        4     3 0  1 0  0
  -3.9158261416116553     
    26    10.62323234550        4     2 1  1 0  0
   10.623232345498090     
    27   -336.0394532848        4     1 2  1 0  0
  -336.03945328479199     
    28    2128.174661313        4     0 3  1 0  0
   2128.1746613128844     
    29    14.09870476272        4     1 0  3 0  0
   14.098704762719610     
    30   -113.6711562826        4     0 1  3 0  0
  -113.67115628264240     
    31   -8.375558307688        4     3 0  0 1  0
  -8.3755583076875713     
    32   -104.3271254108        4     2 1  0 1  0
  -104.32712541083146     
    33   -5654.516657513        4     1 2  0 1  0
  -5654.5166575132216     
    34   -124016.6453482        4     0 3  0 1  0
  -124016.64534815651     
    35    132.5171079119        4     1 0  2 1  0
   132.51710791190695     
    36    1078.042860919        4     0 1  2 1  0
   1078.0428609194882     
    37    98.51398694057        4     2 0  1 0  1
   98.513986940568287     
    38   -728.9530616119        4     1 1  1 0  1
  -728.95306161185090     
    39    9757.003392851        4     0 2  1 0  1
   9757.0033928505018     
    40   -7.568963785807        4     0 0  3 0  1
  -7.5689637858073819     
    41   -1718.071013775        4     1 0  1 2  0
  -1718.0710137753745     
    42   -29386.38077384        4     0 1  1 2  0
  -29386.380773843939     
    43    20.28840620023        4     2 0  0 1  1
   20.288406200227172     
    44    13216.66461356        4     1 1  0 1  1
   13216.664613564337     
    45   -232784.9906677        4     0 2  0 1  1
  -232784.99066768470     
    46    973.2351166159        4     0 0  2 1  1
   973.23511661592875     
    47   -561.8361631679        4     1 0  1 0  2
  -561.83616316789812     
    48    2799.703578990        4     0 1  1 0  2
   2799.7035789896536     
    49    18837.73366879        4     1 0  0 3  0
   18837.733668794866     
    50    91789.32820707        4     0 1  0 3  0
   91789.328207065759     
    51    7245.784621670        4     0 0  1 2  1
   7245.7846216698945     
    52   -444.3905566366        4     1 0  0 1  2
  -444.39055663656802     
    53   -50633.77476058        4     0 1  0 1  2
  -50633.774760579588     
    54    1025.623966607        4     0 0  1 0  3
   1025.6239666065364     
    55    148480.0480998        4     0 0  0 3  1
   148480.04809978910     
    56   -9386.771975651        4     0 0  0 1  3
  -9386.7719756510232     
                                      

 etall    1, NO =    4, NV =    5, INA =   21
 *********************************************

    I  COEFFICIENT          ORDER   EXPONENTS
     1  -0.8232679997903E-01    1     0 0  1 0  0
  -8.2326799979032639E-002
     2  -0.6666759335419E-01    1     0 0  0 1  0
  -6.6667593354188065E-002
     3  -0.4552524728069E-01    2     1 0  1 0  0
  -4.5525247280694042E-002
     4  -0.6822233857209        2     0 1  1 0  0
 -0.68222338572094887     
     5  -0.4571715571315        2     1 0  0 1  0
 -0.45717155713146257     
     6   -6.191312493905        2     0 1  0 1  0
  -6.1913124939049862     
     7   0.2209155594188E-01    2     0 0  1 0  1
   2.2091555941884288E-002
     8   -4.271759453190        2     0 0  0 1  1
  -4.2717594531903664     
     9  -0.1085932923632        3     2 0  1 0  0
 -0.10859329236324912     
    10   -7.069713176029        3     1 1  1 0  0
  -7.0697131760290732     
    11    1.916616735245        3     0 2  1 0  0
   1.9166167352448622     
    12   0.8899834488795E-01    3     0 0  3 0  0
   8.8998344887947278E-002
    13   -3.143127680760        3     2 0  0 1  0
  -3.1431276807601121     
    14   -61.52082828263        3     1 1  0 1  0
  -61.520828282633786     
    15   -2946.589457876        3     0 2  0 1  0
  -2946.5894578761454     
    16    20.75219020864        3     0 0  2 1  0
   20.752190208641984     
    17   0.6253581664040        3     1 0  1 0  1
  0.62535816640398079     
    18    19.60646476941        3     0 1  1 0  1
   19.606464769410625     
    19    72.97501482488        3     0 0  1 2  0
   72.975014824877576     
    20    17.98232721033        3     1 0  0 1  1
   17.982327210326904     
    21    102.1925550279        3     0 1  0 1  1
   102.19255502793627     
    22  -0.5715096192096        3     0 0  1 0  2
 -0.57150961920960419     
    23    3038.530355184        3     0 0  0 3  0
   3038.5303551840484     
    24   -186.2059028175        3     0 0  0 1  2
  -186.20590281750003     
    25   0.2067012992751        4     3 0  1 0  0
  0.20670129927505027     
    26   -3.288812347524        4     2 1  1 0  0
  -3.2888123475237969     
    27    19.07371381911        4     1 2  1 0  0
   19.073713819107994     
    28    1096.545945590        4     0 3  1 0  0
   1096.5459455896221     
    29  -0.2547723059712        4     1 0  3 0  0
 -0.25477230597119960     
    30   -12.27028205828        4     0 1  3 0  0
  -12.270282058282405     
    31   0.4999470433321        4     3 0  0 1  0
  0.49994704333211715     
    32    2.488259489905        4     2 1  0 1  0
   2.4882594899054062     
    33   -42.19533390782        4     1 2  0 1  0
  -42.195333907821237     
    34   -22616.56340039        4     0 3  0 1  0
  -22616.563400394603     
    35    8.051734522832        4     1 0  2 1  0
   8.0517345228322963     
    36    102.0083724198        4     0 1  2 1  0
   102.00837241975441     
    37    2.071972293220        4     2 0  1 0  1
   2.0719722932202833     
    38    121.4708673020        4     1 1  1 0  1
   121.47086730204586     
    39    465.6530964143        4     0 2  1 0  1
   465.65309641429889     
    40   -8.420020441364        4     0 0  3 0  1
  -8.4200204413639046     
    41   -87.12312014260        4     1 0  1 2  0
  -87.123120142595994     
    42    102.3514316004        4     0 1  1 2  0
   102.35143160043822     
    43    22.76109996575        4     2 0  0 1  1
   22.761099965750095     
    44    908.4109158447        4     1 1  0 1  1
   908.41091584465335     
    45    33879.69993746        4     0 2  0 1  1
   33879.699937463149     
    46   -40.29972397973        4     0 0  2 1  1
  -40.299723979733301     
    47   -9.774943222002        4     1 0  1 0  2
  -9.7749432220017276     
    48   -254.4152016775        4     0 1  1 0  2
  -254.41520167751281     
    49   -3487.560454967        4     1 0  0 3  0
  -3487.5604549668083     
    50   -902.1406535262        4     0 1  0 3  0
  -902.14065352619764     
    51   -1178.067709271        4     0 0  1 2  1
  -1178.0677092705678     
    52   -102.8366203962        4     1 0  0 1  2
  -102.83662039615808     
    53   -4521.993475768        4     0 1  0 1  2
  -4521.9934757680594     
    54    80.30133168864        4     0 0  1 0  3
   80.301331688638243     
    55    5749.728887363        4     0 0  0 3  1
   5749.7288873634034     
    56    388.5873241858        4     0 0  0 1  3
   388.58732418580962     
                                      

 etall    1, NO =    4, NV =    5, INA =   22
 *********************************************

    I  COEFFICIENT          ORDER   EXPONENTS
     1    1.000000000000        1     0 0  0 0  1
   1.0000000000000000     
                                      

 etall    1, NO =    4, NV =    5, INA =   30
 *********************************************

    I  COEFFICIENT          ORDER   EXPONENTS
     1  -0.6893374759898E-12    0     0 0  0 0  0
  -6.8933747598975970E-013
     2   0.1400235015870        1     1 0  0 0  0
  0.14002350158702057     
     3    2.111863808943        1     0 1  0 0  0
   2.1118638089429655     
     4    16.65719508483        1     0 0  0 0  1
   16.657195084834097     
     5  -0.5564787835964E-01    2     2 0  0 0  0
  -5.5647878359637512E-002
     6  -0.7207916015041E-01    2     1 1  0 0  0
  -7.2079160150407759E-002
     7   -18.30643535218        2     0 2  0 0  0
  -18.306435352184543     
     8  -0.1482952938255        2     0 0  2 0  0
 -0.14829529382554005     
     9   0.5146509122394E-01    2     0 0  1 1  0
   5.1465091223935805E-002
    10   0.6232790506169        2     1 0  0 0  1
  0.62327905061688560     
    11    8.925949142685        2     0 1  0 0  1
   8.9259491426847788     
    12   -21.50911662485        2     0 0  0 2  0
  -21.509116624845497     
    13    6.055997909862        2     0 0  0 0  2
   6.0559979098618024     
    14   0.5040722161571E-01    3     3 0  0 0  0
   5.0407221615706842E-002
    15    3.207558517715        3     2 1  0 0  0
   3.2075585177154573     
    16    38.77016204860        3     1 2  0 0  0
   38.770162048595012     
    17    1549.516346829        3     0 3  0 0  0
   1549.5163468290998     
    18   0.2952377949542        3     1 0  2 0  0
  0.29523779495421409     
    19    11.34084809658        3     0 1  2 0  0
   11.340848096580851     
    20    11.87907081261        3     1 0  1 1  0
   11.879070812605242     
    21    61.26136239985        3     0 1  1 1  0
   61.261362399845140     
    22   -3.421206408750        3     2 0  0 0  1
  -3.4212064087498781     
    23   -25.88806810720        3     1 1  0 0  1
  -25.888068107196254     
    24   -1272.739825042        3     0 2  0 0  1
  -1272.7398250420035     
    25   -14.21116886245        3     0 0  2 0  1
  -14.211168862454450     
    26    93.51861524627        3     1 0  0 2  0
   93.518615246273626     
    27    5239.312484141        3     0 1  0 2  0
   5239.3124841412073     
    28   -73.56414471310        3     0 0  1 1  1
  -73.564144713097136     
    29    22.24965575732        3     1 0  0 0  2
   22.249655757316702     
    30    223.6174404452        3     0 1  0 0  2
   223.61744044524511     
    31   -2156.670090797        3     0 0  0 2  1
  -2156.6700907972800     
    32   -63.78551884279        3     0 0  0 0  3
  -63.785518842785699     
    33  -0.8138704666468E-02    4     4 0  0 0  0
  -8.1387046664684916E-003
    34   0.6933214094479        4     3 1  0 0  0
  0.69332140944788789     
    35   -9.100467986085        4     2 2  0 0  0
  -9.1004679860852509     
    36   -243.5801766256        4     1 3  0 0  0
  -243.58017662563893     
    37    1489.618589838        4     0 4  0 0  0
   1489.6185898379254     
    38    2.977607434618        4     2 0  2 0  0
   2.9776074346183163     
    39   -13.00430583746        4     1 1  2 0  0
  -13.004305837464052     
    40    335.8247087862        4     0 2  2 0  0
   335.82470878616431     
    41    1.083002253613        4     0 0  4 0  0
   1.0830022536125308     
    42    22.48850261738        4     2 0  1 1  0
   22.488502617378312     
    43    1116.445065245        4     1 1  1 1  0
   1116.4450652449843     
    44   -9065.529490079        4     0 2  1 1  0
  -9065.5294900790032     
    45    3.311520027977        4     0 0  3 1  0
   3.3115200279772270     
    46  -0.9282946409060        4     3 0  0 0  1
 -0.92829464090599578     
    47   -2.156815198528        4     2 1  0 0  1
  -2.1568151985277528     
    48   -202.3531672269        4     1 2  0 0  1
  -202.35316722686727     
    49    3165.983972996        4     0 3  0 0  1
   3165.9839729955233     
    50   -41.97375799998        4     1 0  2 0  1
  -41.973757999976428     
    51   -27.75948068167        4     0 1  2 0  1
  -27.759480681667334     
    52    129.6137306603        4     2 0  0 2  0
   129.61373066033900     
    53    2258.781524734        4     1 1  0 2  0
   2258.7815247341168     
    54    217227.6140769        4     0 2  0 2  0
   217227.61407694285     
    55    20.75380972897        4     0 0  2 2  0
   20.753809728974662     
    56   -387.4863750701        4     1 0  1 1  1
  -387.48637507012751     
    57   -4557.589254917        4     0 1  1 1  1
  -4557.5892549166592     
    58    10.24164271568        4     2 0  0 0  2
   10.241642715682039     
    59   -11.83490083157        4     1 1  0 0  2
  -11.834900831572284     
    60    3995.984265083        4     0 2  0 0  2
   3995.9842650834694     
    61    102.2967037822        4     0 0  2 0  2
   102.29670378222028     
    62   -1561.731673555        4     0 0  1 3  0
  -1561.7316735548402     
    63   -677.7229088903        4     1 0  0 2  1
  -677.72290889028750     
    64   -68223.48462941        4     0 1  0 2  1
  -68223.484629407569     
    65    925.0152030889        4     0 0  1 1  2
   925.01520308892657     
    66   -65.12923959204        4     1 0  0 0  3
  -65.129239592038402     
    67    2.068479631642        4     0 1  0 0  3
   2.0684796316421186     
    68   -20897.28311711        4     0 0  0 4  0
  -20897.283117107818     
    69    8373.646458475        4     0 0  0 2  2
   8373.6464584751357     
    70    168.5854101765        4     0 0  0 0  4
   168.58541017654935     
                                      
