6.514860e-02 2.457664e-01
1.302972e-01 2.460269e-01
1.954458e-01 2.464363e-01
2.605944e-01 2.470562e-01
3.257430e-01 2.478459e-01
3.908916e-01 2.482382e-01
4.560402e-01 2.499524e-01
5.211888e-01 2.508793e-01
5.863374e-01 2.523280e-01
6.514860e-01 2.537877e-01
7.166346e-01 2.553825e-01
7.817832e-01 2.570737e-01
8.469318e-01 2.588573e-01
9.120804e-01 2.607260e-01
9.772290e-01 2.626685e-01
1.042378e+00 2.646736e-01
1.107526e+00 2.667305e-01
1.172675e+00 2.688289e-01
1.237823e+00 2.709585e-01
1.302972e+00 2.731097e-01
1.368121e+00 2.752733e-01
1.433269e+00 2.774405e-01
1.498418e+00 2.796032e-01
1.563566e+00 2.817538e-01
1.628715e+00 2.838850e-01
1.693864e+00 2.860073e-01
1.759012e+00 2.880710e-01
1.824161e+00 2.901115e-01
1.889309e+00 2.921126e-01
1.954458e+00 2.940706e-01
2.019607e+00 2.959825e-01
2.084755e+00 2.978456e-01
2.149904e+00 2.996595e-01
2.215052e+00 3.014192e-01
2.280201e+00 3.031273e-01
2.345350e+00 3.047822e-01
2.410498e+00 3.063839e-01
2.475647e+00 3.079328e-01
2.540795e+00 3.094297e-01
2.605944e+00 3.108756e-01
2.671093e+00 3.122719e-01
2.736241e+00 3.136202e-01
2.801390e+00 3.149227e-01
2.866538e+00 3.161817e-01
2.931687e+00 3.174001e-01
2.996836e+00 3.185812e-01
3.061984e+00 3.197290e-01
3.127133e+00 3.208489e-01
3.192281e+00 3.219474e-01
3.257430e+00 3.230347e-01
3.322579e+00 3.241259e-01
3.387727e+00 3.252489e-01
3.452876e+00 3.264661e-01
3.518024e+00 3.279922e-01
3.583173e+00 3.332529e-01
3.648322e+00 3.333240e-01
3.713470e+00 3.333139e-01
3.778619e+00 3.333296e-01
3.843767e+00 3.333345e-01
3.908916e+00 3.333325e-01
3.974065e+00 3.333297e-01
4.039213e+00 3.333284e-01
4.104362e+00 3.333282e-01
4.169510e+00 3.333287e-01
4.234659e+00 3.333294e-01
4.299808e+00 3.333300e-01
4.364956e+00 3.333306e-01
4.430105e+00 3.333310e-01
4.495253e+00 3.333313e-01
4.560402e+00 3.333315e-01
4.625551e+00 3.333316e-01
4.690699e+00 3.333318e-01
4.755848e+00 3.333320e-01
4.820996e+00 3.333324e-01
4.886145e+00 3.333331e-01
4.951294e+00 3.333344e-01
5.016442e+00 3.333362e-01
5.081591e+00 3.333385e-01
5.146739e+00 3.333407e-01
5.211888e+00 3.333413e-01
5.277037e+00 3.333389e-01
5.342185e+00 3.333339e-01
5.407334e+00 3.333348e-01
5.472482e+00 3.333536e-01
5.537631e+00 3.333506e-01
5.602780e+00 3.334335e-01
5.667928e+00 3.370530e-01
5.733077e+00 3.376972e-01
5.798225e+00 3.381471e-01
5.863374e+00 3.385149e-01
5.928522e+00 3.388387e-01
5.993671e+00 3.391308e-01
6.058820e+00 3.393995e-01
6.123968e+00 3.396513e-01
6.189117e+00 3.398886e-01
6.254265e+00 3.401129e-01
6.319414e+00 3.403261e-01
6.384563e+00 3.405300e-01
6.449711e+00 3.407256e-01
