4.348691e-02 5.814295e-02
8.697382e-02 5.829983e-02
1.304607e-01 5.856071e-02
1.739476e-01 5.892469e-02
2.174345e-01 5.939057e-02
2.609215e-01 5.995674e-02
3.044084e-01 6.062135e-02
3.478953e-01 6.138216e-02
3.913822e-01 6.223671e-02
4.348691e-01 6.318220e-02
4.783560e-01 6.421559e-02
5.218429e-01 6.533362e-02
5.653298e-01 6.653279e-02
6.088167e-01 6.780941e-02
6.523036e-01 6.915962e-02
6.957905e-01 7.057939e-02
7.392775e-01 7.206460e-02
7.827644e-01 7.361099e-02
8.262513e-01 7.521425e-02
8.697382e-01 7.686998e-02
9.132251e-01 7.857377e-02
9.567120e-01 8.032120e-02
1.000199e+00 8.210784e-02
1.043686e+00 8.392980e-02
1.087173e+00 8.578136e-02
1.130660e+00 8.765964e-02
1.174147e+00 8.955991e-02
1.217633e+00 9.147813e-02
1.261120e+00 9.341033e-02
1.304607e+00 9.535265e-02
1.348094e+00 9.730137e-02
1.391581e+00 9.925293e-02
1.435068e+00 1.012039e-01
1.478555e+00 1.031511e-01
1.522042e+00 1.050913e-01
1.565529e+00 1.070216e-01
1.609016e+00 1.089393e-01
1.652503e+00 1.108418e-01
1.695989e+00 1.127267e-01
1.739476e+00 1.145916e-01
1.782963e+00 1.164344e-01
1.826450e+00 1.182529e-01
1.869937e+00 1.200421e-01
1.913424e+00 1.218140e-01
1.956911e+00 1.235503e-01
2.000398e+00 1.252326e-01
2.043885e+00 1.269241e-01
2.087372e+00 1.285628e-01
2.130859e+00 1.301645e-01
2.174345e+00 1.317271e-01
2.217832e+00 1.332472e-01
2.261319e+00 1.347201e-01
2.304806e+00 1.361390e-01
2.348293e+00 1.374941e-01
2.391780e+00 1.387721e-01
2.435267e+00 1.399596e-01
2.478754e+00 1.410446e-01
2.522241e+00 1.420335e-01
2.565728e+00 1.429323e-01
2.609215e+00 1.437788e-01
2.652701e+00 1.446047e-01
2.696188e+00 1.454060e-01
2.739675e+00 1.461598e-01
2.783162e+00 1.469459e-01
2.826649e+00 1.489059e-01
2.870136e+00 1.519829e-01
2.913623e+00 1.533797e-01
2.957110e+00 1.545484e-01
3.000597e+00 1.556272e-01
3.044084e+00 1.566490e-01
3.087571e+00 1.576264e-01
3.131057e+00 1.585680e-01
3.174544e+00 1.594776e-01
3.218031e+00 1.603578e-01
3.261518e+00 1.612102e-01
3.305005e+00 1.620377e-01
3.348492e+00 1.628470e-01
3.391979e+00 1.636207e-01
3.435466e+00 1.643743e-01
3.478953e+00 1.651987e-01
3.522440e+00 1.656900e-01
3.565927e+00 1.665047e-01
3.609413e+00 1.670816e-01
3.652900e+00 1.679593e-01
3.696387e+00 1.684534e-01
3.739874e+00 1.690928e-01
3.783361e+00 1.696859e-01
3.826848e+00 1.702789e-01
3.870335e+00 1.708473e-01
3.913822e+00 1.714034e-01
3.957309e+00 1.719352e-01
4.000796e+00 1.727579e-01
4.044283e+00 1.730041e-01
4.087769e+00 1.734926e-01
4.131256e+00 1.739756e-01
4.174743e+00 1.744474e-01
4.218230e+00 1.749082e-01
4.261717e+00 1.753573e-01
4.305204e+00 1.757953e-01
