6.514860e-02 2.476877e-01
1.302972e-01 2.480118e-01
1.954458e-01 2.481416e-01
2.605944e-01 2.487533e-01
3.257430e-01 2.499364e-01
3.908916e-01 2.514288e-01
4.560402e-01 2.509418e-01
5.211888e-01 2.527822e-01
5.863374e-01 2.541364e-01
6.514860e-01 2.555697e-01
7.166346e-01 2.571287e-01
7.817832e-01 2.587853e-01
8.469318e-01 2.605367e-01
9.120804e-01 2.623712e-01
9.772290e-01 2.642777e-01
1.042378e+00 2.662455e-01
1.107526e+00 2.682644e-01
1.172675e+00 2.703240e-01
1.237823e+00 2.724144e-01
1.302972e+00 2.745261e-01
1.368121e+00 2.766500e-01
1.433269e+00 2.787775e-01
1.498418e+00 2.809006e-01
1.563566e+00 2.830118e-01
1.628715e+00 2.851022e-01
1.693864e+00 2.871761e-01
1.759012e+00 2.892140e-01
1.824161e+00 2.912178e-01
1.889309e+00 2.931829e-01
1.954458e+00 2.951057e-01
2.019607e+00 2.969833e-01
2.084755e+00 2.988131e-01
2.149904e+00 3.005927e-01
2.215052e+00 3.023231e-01
2.280201e+00 3.040011e-01
2.345350e+00 3.056270e-01
2.410498e+00 3.072008e-01
2.475647e+00 3.087230e-01
2.540795e+00 3.101944e-01
2.605944e+00 3.116159e-01
2.671093e+00 3.129892e-01
2.736241e+00 3.143158e-01
2.801390e+00 3.155979e-01
2.866538e+00 3.168382e-01
2.931687e+00 3.180394e-01
2.996836e+00 3.192053e-01
3.061984e+00 3.203404e-01
3.127133e+00 3.214505e-01
3.192281e+00 3.225440e-01
3.257430e+00 3.236328e-01
3.322579e+00 3.247378e-01
3.387727e+00 3.258991e-01
3.452876e+00 3.272259e-01
3.518024e+00 3.294999e-01
3.583173e+00 3.333345e-01
3.648322e+00 3.333115e-01
3.713470e+00 3.333220e-01
3.778619e+00 3.333332e-01
3.843767e+00 3.333341e-01
3.908916e+00 3.333314e-01
3.974065e+00 3.333293e-01
4.039213e+00 3.333285e-01
4.104362e+00 3.333285e-01
4.169510e+00 3.333291e-01
4.234659e+00 3.333297e-01
4.299808e+00 3.333302e-01
4.364956e+00 3.333307e-01
4.430105e+00 3.333310e-01
4.495253e+00 3.333313e-01
4.560402e+00 3.333315e-01
4.625551e+00 3.333317e-01
4.690699e+00 3.333320e-01
4.755848e+00 3.333325e-01
4.820996e+00 3.333333e-01
4.886145e+00 3.333346e-01
4.951294e+00 3.333365e-01
5.016442e+00 3.333387e-01
5.081591e+00 3.333407e-01
5.146739e+00 3.333411e-01
5.211888e+00 3.333384e-01
5.277037e+00 3.333336e-01
5.342185e+00 3.333353e-01
5.407334e+00 3.333544e-01
5.472482e+00 3.333494e-01
5.537631e+00 3.334342e-01
5.602780e+00 3.370422e-01
5.667928e+00 3.376886e-01
5.733077e+00 3.381406e-01
5.798225e+00 3.385103e-01
5.863374e+00 3.388361e-01
5.928522e+00 3.391300e-01
5.993671e+00 3.394004e-01
6.058820e+00 3.396539e-01
6.123968e+00 3.398929e-01
6.189117e+00 3.401187e-01
6.254265e+00 3.403333e-01
6.319414e+00 3.405386e-01
6.384563e+00 3.407356e-01
6.449711e+00 3.409246e-01
