4.348691e-02 6.078343e-02
8.697382e-02 6.093728e-02
1.304607e-01 6.119311e-02
1.739476e-01 6.155007e-02
2.174345e-01 6.200693e-02
2.609215e-01 6.256217e-02
3.044084e-01 6.321394e-02
3.478953e-01 6.396008e-02
3.913822e-01 6.479814e-02
4.348691e-01 6.572541e-02
4.783560e-01 6.673891e-02
5.218429e-01 6.783543e-02
5.653298e-01 6.901155e-02
6.088167e-01 7.026365e-02
6.523036e-01 7.158794e-02
6.957905e-01 7.298050e-02
7.392775e-01 7.443726e-02
7.827644e-01 7.595406e-02
8.262513e-01 7.752667e-02
8.697382e-01 7.915080e-02
9.132251e-01 8.082204e-02
9.567120e-01 8.253737e-02
1.000199e+00 8.428809e-02
1.043686e+00 8.607582e-02
1.087173e+00 8.789264e-02
1.130660e+00 8.973526e-02
1.174147e+00 9.159953e-02
1.217633e+00 9.348145e-02
1.261120e+00 9.537712e-02
1.304607e+00 9.728276e-02
1.348094e+00 9.919472e-02
1.391581e+00 1.011095e-01
1.435068e+00 1.030237e-01
1.478555e+00 1.049342e-01
1.522042e+00 1.068380e-01
1.565529e+00 1.087320e-01
1.609016e+00 1.106136e-01
1.652503e+00 1.124805e-01
1.695989e+00 1.143299e-01
1.739476e+00 1.161597e-01
1.782963e+00 1.179677e-01
1.826450e+00 1.197507e-01
1.869937e+00 1.215137e-01
1.913424e+00 1.232454e-01
1.956911e+00 1.249422e-01
2.000398e+00 1.266172e-01
2.043885e+00 1.282582e-01
2.087372e+00 1.298634e-01
2.130859e+00 1.314322e-01
2.174345e+00 1.329613e-01
2.217832e+00 1.344467e-01
2.261319e+00 1.358827e-01
2.304806e+00 1.372610e-01
2.348293e+00 1.385703e-01
2.391780e+00 1.397960e-01
2.435267e+00 1.409230e-01
2.478754e+00 1.419526e-01
2.522241e+00 1.428834e-01
2.565728e+00 1.437417e-01
2.609215e+00 1.445718e-01
2.652701e+00 1.453802e-01
2.696188e+00 1.461462e-01
2.739675e+00 1.468840e-01
2.783162e+00 1.480188e-01
2.826649e+00 1.512375e-01
2.870136e+00 1.530976e-01
2.913623e+00 1.543263e-01
2.957110e+00 1.554337e-01
3.000597e+00 1.564743e-01
3.044084e+00 1.574677e-01
3.087571e+00 1.584207e-01
3.131057e+00 1.593411e-01
3.174544e+00 1.602311e-01
3.218031e+00 1.610931e-01
3.261518e+00 1.619291e-01
3.305005e+00 1.627392e-01
3.348492e+00 1.635261e-01
3.391979e+00 1.642913e-01
3.435466e+00 1.651172e-01
3.478953e+00 1.656354e-01
3.522440e+00 1.664828e-01
3.565927e+00 1.670178e-01
3.609413e+00 1.679047e-01
3.652900e+00 1.684152e-01
3.696387e+00 1.690518e-01
3.739874e+00 1.696515e-01
3.783361e+00 1.702501e-01
3.826848e+00 1.708230e-01
3.870335e+00 1.713840e-01
3.913822e+00 1.719183e-01
3.957309e+00 1.727222e-01
4.000796e+00 1.729841e-01
4.044283e+00 1.734889e-01
4.087769e+00 1.739764e-01
4.131256e+00 1.744521e-01
4.174743e+00 1.749164e-01
4.218230e+00 1.753688e-01
4.261717e+00 1.758101e-01
4.305204e+00 1.762402e-01
