4.348527e-02 5.819664e-02
8.697053e-02 5.835342e-02
1.304558e-01 5.861411e-02
1.739411e-01 5.897784e-02
2.174263e-01 5.944339e-02
2.609116e-01 6.000917e-02
3.043969e-01 6.067332e-02
3.478821e-01 6.143361e-02
3.913674e-01 6.228756e-02
4.348527e-01 6.323239e-02
4.783379e-01 6.426507e-02
5.218232e-01 6.538232e-02
5.653085e-01 6.658065e-02
6.087937e-01 6.785639e-02
6.522790e-01 6.920566e-02
6.957643e-01 7.062445e-02
7.392495e-01 7.210863e-02
7.827348e-01 7.365395e-02
8.262200e-01 7.525611e-02
8.697053e-01 7.691070e-02
9.131906e-01 7.861331e-02
9.566758e-01 8.035953e-02
1.000161e+00 8.214511e-02
1.043646e+00 8.396546e-02
1.087132e+00 8.581593e-02
1.130617e+00 8.769288e-02
1.174102e+00 8.959181e-02
1.217587e+00 9.150865e-02
1.261073e+00 9.343942e-02
1.304558e+00 9.538028e-02
1.348043e+00 9.732747e-02
1.391529e+00 9.927742e-02
1.435014e+00 1.012267e-01
1.478499e+00 1.031720e-01
1.521984e+00 1.051102e-01
1.565470e+00 1.070382e-01
1.608955e+00 1.089534e-01
1.652440e+00 1.108528e-01
1.695925e+00 1.127340e-01
1.739411e+00 1.145943e-01
1.782896e+00 1.164314e-01
1.826381e+00 1.182427e-01
1.869866e+00 1.200251e-01
1.913352e+00 1.217730e-01
1.956837e+00 1.234989e-01
2.000322e+00 1.251078e-01
2.043807e+00 1.267933e-01
2.087293e+00 1.283602e-01
2.130778e+00 1.298477e-01
2.174263e+00 1.312287e-01
2.217749e+00 1.324789e-01
2.261234e+00 1.335829e-01
2.304719e+00 1.345888e-01
2.348204e+00 1.355369e-01
2.391690e+00 1.364176e-01
2.435175e+00 1.372917e-01
2.478660e+00 1.389443e-01
2.522145e+00 1.425037e-01
2.565631e+00 1.442236e-01
2.609116e+00 1.456397e-01
2.652601e+00 1.469534e-01
2.696086e+00 1.482037e-01
2.739572e+00 1.494057e-01
2.783057e+00 1.505666e-01
2.826542e+00 1.516908e-01
2.870028e+00 1.527808e-01
2.913513e+00 1.538384e-01
2.956998e+00 1.548655e-01
3.000483e+00 1.558632e-01
3.043969e+00 1.568323e-01
3.087454e+00 1.577739e-01
3.130939e+00 1.586887e-01
3.174424e+00 1.595777e-01
3.217910e+00 1.604414e-01
3.261395e+00 1.612874e-01
3.304880e+00 1.621003e-01
3.348365e+00 1.628961e-01
3.391851e+00 1.636682e-01
3.435336e+00 1.644141e-01
3.478821e+00 1.652320e-01
3.522307e+00 1.657135e-01
3.565792e+00 1.665114e-01
3.609277e+00 1.671163e-01
3.652762e+00 1.679851e-01
3.696248e+00 1.684730e-01
3.739733e+00 1.691131e-01
3.783218e+00 1.697037e-01
3.826703e+00 1.702965e-01
3.870189e+00 1.708616e-01
3.913674e+00 1.714161e-01
3.957159e+00 1.719554e-01
4.000644e+00 1.724798e-01
4.044130e+00 1.729914e-01
4.087615e+00 1.734889e-01
4.131100e+00 1.739744e-01
4.174586e+00 1.744457e-01
4.218071e+00 1.750672e-01
4.261556e+00 1.754698e-01
4.305041e+00 1.757961e-01
