5.368833e-02 2.332849e-01
1.073767e-01 2.334591e-01
1.610650e-01 2.337485e-01
2.147533e-01 2.341519e-01
2.684417e-01 2.346667e-01
3.221300e-01 2.352911e-01
3.758183e-01 2.360216e-01
4.295066e-01 2.368545e-01
4.831950e-01 2.377861e-01
5.368833e-01 2.388121e-01
5.905716e-01 2.399278e-01
6.442600e-01 2.411276e-01
6.979483e-01 2.424048e-01
7.516366e-01 2.437589e-01
8.053250e-01 2.451774e-01
8.590133e-01 2.466583e-01
9.127016e-01 2.481378e-01
9.663899e-01 2.499458e-01
1.020078e+00 2.506216e-01
1.073767e+00 2.530917e-01
1.127455e+00 2.547803e-01
1.181143e+00 2.565101e-01
1.234832e+00 2.582591e-01
1.288520e+00 2.600213e-01
1.342208e+00 2.617930e-01
1.395897e+00 2.635700e-01
1.449585e+00 2.653475e-01
1.503273e+00 2.671209e-01
1.556962e+00 2.688859e-01
1.610650e+00 2.706387e-01
1.664338e+00 2.723758e-01
1.718027e+00 2.740941e-01
1.771715e+00 2.757904e-01
1.825403e+00 2.774620e-01
1.879092e+00 2.791067e-01
1.932780e+00 2.807222e-01
1.986468e+00 2.823066e-01
2.040157e+00 2.838577e-01
2.093845e+00 2.853560e-01
2.147533e+00 2.868691e-01
2.201222e+00 2.883145e-01
2.254910e+00 2.897258e-01
2.308598e+00 2.911009e-01
2.362287e+00 2.924391e-01
2.415975e+00 2.937403e-01
2.469663e+00 2.950046e-01
2.523352e+00 2.962321e-01
2.577040e+00 2.974231e-01
2.630728e+00 2.985781e-01
2.684417e+00 2.996987e-01
2.738105e+00 3.007827e-01
2.791793e+00 3.018327e-01
2.845481e+00 3.028495e-01
2.899170e+00 3.038337e-01
2.952858e+00 3.047860e-01
3.006546e+00 3.057073e-01
3.060235e+00 3.065985e-01
3.113923e+00 3.074607e-01
3.167611e+00 3.082945e-01
3.221300e+00 3.091010e-01
3.274988e+00 3.098811e-01
3.328676e+00 3.106358e-01
3.382365e+00 3.113659e-01
3.436053e+00 3.120725e-01
3.489741e+00 3.127565e-01
3.543430e+00 3.134186e-01
3.597118e+00 3.140597e-01
3.650806e+00 3.146808e-01
3.704495e+00 3.152827e-01
3.758183e+00 3.158664e-01
3.811871e+00 3.164322e-01
3.865560e+00 3.169813e-01
3.919248e+00 3.175144e-01
3.972936e+00 3.180322e-01
4.026625e+00 3.185355e-01
4.080313e+00 3.190250e-01
4.134001e+00 3.195013e-01
4.187690e+00 3.199653e-01
4.241378e+00 3.204175e-01
4.295066e+00 3.208589e-01
4.348755e+00 3.212898e-01
4.402443e+00 3.217112e-01
4.456131e+00 3.221237e-01
4.509820e+00 3.225282e-01
4.563508e+00 3.229254e-01
4.617196e+00 3.233157e-01
4.670885e+00 3.237007e-01
4.724573e+00 3.240809e-01
4.778261e+00 3.244576e-01
4.831950e+00 3.248322e-01
4.885638e+00 3.252053e-01
4.939326e+00 3.255797e-01
4.993015e+00 3.259577e-01
5.046703e+00 3.263418e-01
5.100391e+00 3.267373e-01
5.154080e+00 3.271486e-01
5.207768e+00 3.275873e-01
5.261456e+00 3.280728e-01
5.315145e+00 3.286515e-01
