2.614737e+00 2.586153e-01
5.280939e+00 2.889987e-01
6.525954e-02 2.415978e-01
2.681719e+00 2.593520e-01
5.349385e+00 2.896790e-01
1.305256e-01 2.416344e-01
2.747407e+00 2.600970e-01
5.418122e+00 2.903524e-01
1.957975e-01 2.416954e-01
2.807592e+00 2.608496e-01
5.486958e+00 2.910187e-01
2.610744e-01 2.417807e-01
2.878737e+00 2.616079e-01
5.551094e+00 2.916779e-01
3.263575e-01 2.418905e-01
2.944446e+00 2.623713e-01
5.625109e+00 2.923299e-01
3.916442e-01 2.420252e-01
3.010189e+00 2.631399e-01
5.694436e+00 2.929744e-01
4.569297e-01 2.421846e-01
3.075965e+00 2.639135e-01
5.763930e+00 2.936116e-01
5.222320e-01 2.423677e-01
3.141774e+00 2.646910e-01
5.833608e+00 2.942413e-01
5.875100e-01 2.425731e-01
3.207600e+00 2.654716e-01
5.902892e+00 2.948636e-01
6.528343e-01 2.428009e-01
3.273504e+00 2.662550e-01
5.973660e+00 2.954783e-01
7.181330e-01 2.430540e-01
3.339425e+00 2.670410e-01
6.043975e+00 2.960856e-01
7.834474e-01 2.433321e-01
3.405359e+00 2.678289e-01
6.114470e+00 2.966852e-01
8.487567e-01 2.436287e-01
3.471400e+00 2.686181e-01
6.185235e+00 2.972774e-01
9.140649e-01 2.439471e-01
3.537455e+00 2.694081e-01
6.256212e+00 2.978619e-01
9.793672e-01 2.442942e-01
3.603568e+00 2.701984e-01
6.327401e+00 2.984390e-01
1.044683e+00 2.446551e-01
3.669726e+00 2.709888e-01
6.398784e+00 2.990084e-01
1.109989e+00 2.450389e-01
3.735948e+00 2.717787e-01
6.470064e+00 2.995685e-01
1.175295e+00 2.454521e-01
3.802209e+00 2.725677e-01
6.545038e+00 3.001397e-01
1.240589e+00 2.458656e-01
3.868456e+00 2.733552e-01
6.615324e+00 3.006760e-01
1.305874e+00 2.463305e-01
3.934937e+00 2.741409e-01
1.371127e+00 2.467712e-01
4.001292e+00 2.749245e-01
1.436353e+00 2.472964e-01
4.067916e+00 2.757057e-01
1.501503e+00 2.477406e-01
4.134501e+00 2.764839e-01
1.566499e+00 2.485990e-01
4.201176e+00 2.772588e-01
1.631111e+00 2.495732e-01
4.267873e+00 2.780301e-01
1.694470e+00 2.489777e-01
4.334749e+00 2.787976e-01
1.742907e+00 2.499329e-01
4.401649e+00 2.795608e-01
1.834678e+00 2.501230e-01
4.468618e+00 2.803195e-01
1.897636e+00 2.511972e-01
4.535725e+00 2.810733e-01
1.962230e+00 2.519712e-01
4.602354e+00 2.818220e-01
2.027283e+00 2.524254e-01
4.670172e+00 2.825653e-01
2.092504e+00 2.530506e-01
4.737600e+00 2.833025e-01
2.157821e+00 2.537239e-01
4.805089e+00 2.840331e-01
2.223197e+00 2.543759e-01
4.872659e+00 2.847544e-01
2.288612e+00 2.550566e-01
4.940369e+00 2.854176e-01
2.354069e+00 2.557528e-01
5.008265e+00 2.862238e-01
2.419553e+00 2.564520e-01
5.076212e+00 2.869210e-01
2.485076e+00 2.571624e-01
5.144324e+00 2.876188e-01
