2.633918e+00 2.667777e-01
5.346328e+00 2.991584e-01
6.566578e-02 2.494971e-01
2.700078e+00 2.675637e-01
5.416718e+00 2.998896e-01
1.313390e-01 2.495256e-01
2.766308e+00 2.683573e-01
5.488910e+00 3.006162e-01
1.970168e-01 2.495562e-01
2.832563e+00 2.691581e-01
5.561471e+00 3.013305e-01
2.627028e-01 2.495715e-01
2.898836e+00 2.699656e-01
5.633469e+00 3.020402e-01
3.283895e-01 2.495519e-01
2.965185e+00 2.707790e-01
5.706477e+00 3.027430e-01
3.940728e-01 2.494599e-01
3.031582e+00 2.715977e-01
5.779586e+00 3.034389e-01
4.597496e-01 2.492107e-01
3.098008e+00 2.724211e-01
5.853155e+00 3.041278e-01
5.253938e-01 2.488015e-01
3.164490e+00 2.732486e-01
5.927154e+00 3.048098e-01
5.909205e-01 2.490230e-01
3.231020e+00 2.740797e-01
6.001704e+00 3.054850e-01
6.499459e-01 2.499443e-01
3.297607e+00 2.749139e-01
6.076735e+00 3.061534e-01
7.237661e-01 2.500551e-01
3.364243e+00 2.757506e-01
6.152372e+00 3.068151e-01
7.889983e-01 2.501022e-01
3.430964e+00 2.765892e-01
6.228556e+00 3.074702e-01
8.546241e-01 2.502179e-01
3.497742e+00 2.774292e-01
6.305346e+00 3.081188e-01
9.203277e-01 2.511209e-01
3.564589e+00 2.782700e-01
6.382966e+00 3.087612e-01
9.860638e-01 2.518907e-01
3.631513e+00 2.791112e-01
6.461255e+00 3.093975e-01
1.051818e+00 2.519958e-01
3.698498e+00 2.799524e-01
6.540324e+00 3.100278e-01
1.117587e+00 2.523037e-01
3.765602e+00 2.807930e-01
6.620295e+00 3.106524e-01
1.183241e+00 2.527914e-01
3.832681e+00 2.816326e-01
6.701146e+00 3.112717e-01
1.249159e+00 2.531916e-01
3.900030e+00 2.824706e-01
6.783051e+00 3.118858e-01
1.314919e+00 2.536935e-01
3.967402e+00 2.833064e-01
1.380765e+00 2.541698e-01
4.034866e+00 2.841393e-01
1.446588e+00 2.546985e-01
4.102447e+00 2.849663e-01
1.512421e+00 2.552257e-01
4.170246e+00 2.858560e-01
1.578261e+00 2.557873e-01
4.237983e+00 2.866369e-01
1.644111e+00 2.563578e-01
4.305926e+00 2.874552e-01
1.709974e+00 2.569512e-01
4.374009e+00 2.882717e-01
1.775854e+00 2.575615e-01
4.442234e+00 2.890845e-01
1.841745e+00 2.581861e-01
4.510586e+00 2.898930e-01
1.907653e+00 2.588299e-01
4.577364e+00 2.906968e-01
1.973574e+00 2.594876e-01
4.647846e+00 2.914955e-01
2.039512e+00 2.601596e-01
4.716712e+00 2.922889e-01
2.103609e+00 2.608473e-01
4.785798e+00 2.930768e-01
2.171441e+00 2.615480e-01
4.855064e+00 2.938589e-01
2.237424e+00 2.622610e-01
4.924524e+00 2.946351e-01
2.303338e+00 2.629869e-01
4.994209e+00 2.954052e-01
2.369489e+00 2.637247e-01
5.064150e+00 2.961690e-01
2.435556e+00 2.644730e-01
5.134261e+00 2.969263e-01
2.501549e+00 2.652316e-01
5.204735e+00 2.976771e-01
