2.601136e+00 2.961792e-01
5.190463e+00 3.118957e-01
6.515593e-02 2.873487e-01
2.665999e+00 2.965619e-01
5.255073e+00 3.122459e-01
1.303072e-01 2.873678e-01
2.730872e+00 2.969484e-01
5.319677e+00 3.125922e-01
1.954538e-01 2.873997e-01
2.795724e+00 2.973384e-01
5.384271e+00 3.129346e-01
2.605953e-01 2.874443e-01
2.860567e+00 2.977316e-01
5.448899e+00 3.132731e-01
3.255556e-01 2.875016e-01
2.925401e+00 2.981277e-01
5.512971e+00 3.136076e-01
3.908584e-01 2.875715e-01
2.990231e+00 2.985265e-01
5.578101e+00 3.139382e-01
4.559859e-01 2.876538e-01
3.055055e+00 2.989275e-01
5.642501e+00 3.142647e-01
5.211076e-01 2.877486e-01
3.119850e+00 2.993305e-01
5.707302e+00 3.145872e-01
5.862201e-01 2.878557e-01
3.184655e+00 2.997352e-01
5.771868e+00 3.149056e-01
6.513185e-01 2.879750e-01
3.249478e+00 3.001415e-01
5.836467e+00 3.152199e-01
7.164296e-01 2.881063e-01
3.314268e+00 3.005489e-01
5.901056e+00 3.155301e-01
7.815248e-01 2.882496e-01
3.379045e+00 3.009572e-01
5.965637e+00 3.158362e-01
8.466143e-01 2.884046e-01
3.443317e+00 3.013662e-01
6.030198e+00 3.161382e-01
9.116852e-01 2.885712e-01
3.508355e+00 3.017756e-01
6.094772e+00 3.164360e-01
9.767710e-01 2.887491e-01
3.573357e+00 3.021851e-01
6.159355e+00 3.167298e-01
1.041836e+00 2.889382e-01
3.638118e+00 3.025946e-01
6.223916e+00 3.170195e-01
1.106899e+00 2.891384e-01
3.702865e+00 3.030037e-01
6.288485e+00 3.173050e-01
1.171951e+00 2.893493e-01
3.767605e+00 3.034123e-01
6.353006e+00 3.175865e-01
1.236999e+00 2.895708e-01
3.832346e+00 3.038201e-01
6.417594e+00 3.178639e-01
1.302039e+00 2.898026e-01
3.897073e+00 3.042270e-01
1.367058e+00 2.900444e-01
3.961797e+00 3.046327e-01
1.432093e+00 2.902961e-01
4.026512e+00 3.050370e-01
1.497093e+00 2.905573e-01
4.091006e+00 3.054397e-01
1.562097e+00 2.908278e-01
4.155927e+00 3.058406e-01
1.627113e+00 2.911073e-01
4.220622e+00 3.062396e-01
1.692095e+00 2.913956e-01
4.285319e+00 3.066365e-01
1.757093e+00 2.916922e-01
4.349998e+00 3.070312e-01
1.822032e+00 2.919971e-01
4.414683e+00 3.074234e-01
1.886425e+00 2.923098e-01
4.479362e+00 3.078131e-01
1.951997e+00 2.926300e-01
4.543987e+00 3.082001e-01
2.016915e+00 2.929574e-01
4.608688e+00 3.085842e-01
2.081879e+00 2.932919e-01
4.673330e+00 3.089654e-01
2.146827e+00 2.936329e-01
4.738010e+00 3.093435e-01
2.211743e+00 2.939802e-01
4.802655e+00 3.097184e-01
2.276669e+00 2.943336e-01
4.867304e+00 3.100900e-01
2.341564e+00 2.946926e-01
4.931947e+00 3.104583e-01
2.406484e+00 2.950570e-01
4.996583e+00 3.108230e-01
2.471377e+00 2.954264e-01
5.061176e+00 3.111843e-01
