2.568516e+00 1.927192e-01
5.130729e+00 2.342798e-01
6.432965e-02 1.694024e-01
2.632688e+00 1.937298e-01
5.194855e+00 2.352082e-01
1.286564e-01 1.694525e-01
2.696843e+00 1.947507e-01
5.258959e+00 2.361264e-01
1.929829e-01 1.695371e-01
2.760997e+00 1.957813e-01
5.323025e+00 2.370342e-01
2.573067e-01 1.696573e-01
2.825363e+00 1.968209e-01
5.387042e+00 2.379314e-01
3.213312e-01 1.698128e-01
2.889974e+00 1.978701e-01
5.451042e+00 2.388180e-01
3.858619e-01 1.700001e-01
2.955747e+00 1.989332e-01
5.514897e+00 2.396938e-01
4.499628e-01 1.702161e-01
2.825662e+00 2.001698e-01
5.578726e+00 2.405587e-01
5.145597e-01 1.704638e-01
3.076614e+00 2.010121e-01
5.642385e+00 2.414121e-01
5.787795e-01 1.707481e-01
3.142541e+00 2.020933e-01
5.705844e+00 2.422531e-01
6.431576e-01 1.710649e-01
3.207153e+00 2.031696e-01
5.769021e+00 2.430808e-01
7.074349e-01 1.714098e-01
3.271481e+00 2.042474e-01
5.831773e+00 2.438951e-01
7.717264e-01 1.717887e-01
3.335677e+00 2.053269e-01
5.894100e+00 2.446983e-01
8.360056e-01 1.721982e-01
3.399725e+00 2.064080e-01
5.955592e+00 2.454917e-01
9.002761e-01 1.726372e-01
3.463918e+00 2.074900e-01
6.015734e+00 2.462658e-01
9.645376e-01 1.731077e-01
3.527942e+00 2.085724e-01
6.073698e+00 2.469926e-01
1.028791e+00 1.736064e-01
3.592079e+00 2.096547e-01
6.127735e+00 2.477097e-01
1.093037e+00 1.741351e-01
3.656147e+00 2.107362e-01
6.174122e+00 2.490512e-01
1.157274e+00 1.746915e-01
3.720209e+00 2.118164e-01
6.205370e+00 2.496906e-01
1.221494e+00 1.752762e-01
3.784276e+00 2.128946e-01
6.489923e+00 2.486513e-01
1.285723e+00 1.758881e-01
3.848340e+00 2.139704e-01
1.349936e+00 1.765262e-01
3.912413e+00 2.150432e-01
1.414139e+00 1.771906e-01
3.976471e+00 2.161125e-01
1.478334e+00 1.778801e-01
4.040553e+00 2.171778e-01
1.542518e+00 1.785939e-01
4.104647e+00 2.182386e-01
1.606697e+00 1.793317e-01
4.168637e+00 2.192945e-01
1.670850e+00 1.800925e-01
4.232849e+00 2.203450e-01
1.735025e+00 1.808756e-01
4.296990e+00 2.213909e-01
1.799177e+00 1.816801e-01
4.360706e+00 2.224239e-01
1.863320e+00 1.825053e-01
4.425078e+00 2.234598e-01
1.927450e+00 1.833505e-01
4.489234e+00 2.244843e-01
1.989833e+00 1.842148e-01
4.553350e+00 2.255019e-01
2.055708e+00 1.850975e-01
4.617509e+00 2.265117e-01
2.119816e+00 1.859976e-01
4.681387e+00 2.275136e-01
2.183678e+00 1.869144e-01
4.745797e+00 2.285072e-01
2.247970e+00 1.878470e-01
4.809948e+00 2.294922e-01
2.312142e+00 1.887946e-01
4.874107e+00 2.304684e-01
2.376239e+00 1.897565e-01
4.938280e+00 2.314355e-01
2.440328e+00 1.907317e-01
5.002427e+00 2.323933e-01
