2.602876e+00 2.540616e-01
5.186981e+00 2.856490e-01
6.526646e-02 2.361776e-01
2.667692e+00 2.548407e-01
5.251590e+00 2.863496e-01
1.305255e-01 2.362166e-01
2.732491e+00 2.556191e-01
5.316030e+00 2.870430e-01
1.957814e-01 2.362815e-01
2.797161e+00 2.564023e-01
5.380473e+00 2.877285e-01
2.610269e-01 2.363723e-01
2.862059e+00 2.571944e-01
5.444910e+00 2.884061e-01
3.262641e-01 2.364887e-01
2.926821e+00 2.579940e-01
5.509288e+00 2.890757e-01
3.915015e-01 2.366306e-01
2.991574e+00 2.587985e-01
5.573770e+00 2.897372e-01
4.567284e-01 2.367978e-01
3.056296e+00 2.596066e-01
5.638191e+00 2.903905e-01
5.219397e-01 2.369903e-01
3.120885e+00 2.604181e-01
5.702603e+00 2.910357e-01
5.871451e-01 2.372082e-01
3.185754e+00 2.612330e-01
5.749268e+00 2.916727e-01
6.523491e-01 2.374508e-01
3.250457e+00 2.620512e-01
5.829755e+00 2.923014e-01
7.175368e-01 2.377173e-01
3.315117e+00 2.628717e-01
5.895840e+00 2.929219e-01
7.827199e-01 2.380081e-01
3.379802e+00 2.636937e-01
5.960227e+00 2.935341e-01
8.478930e-01 2.383234e-01
3.444263e+00 2.645167e-01
6.021447e+00 2.941380e-01
9.130527e-01 2.386614e-01
3.509154e+00 2.653402e-01
6.089043e+00 2.947336e-01
9.782016e-01 2.390224e-01
3.573788e+00 2.661639e-01
6.153448e+00 2.953209e-01
1.043327e+00 2.394071e-01
3.638435e+00 2.669874e-01
6.217840e+00 2.959000e-01
1.108466e+00 2.398125e-01
3.703053e+00 2.678101e-01
6.282280e+00 2.964709e-01
1.173582e+00 2.402412e-01
3.767677e+00 2.686315e-01
6.346550e+00 2.970336e-01
1.238682e+00 2.406901e-01
3.832248e+00 2.694510e-01
6.410994e+00 2.975881e-01
1.303775e+00 2.411605e-01
3.890652e+00 2.702684e-01
1.368847e+00 2.416509e-01
3.961466e+00 2.710833e-01
1.433923e+00 2.421614e-01
4.026036e+00 2.718953e-01
1.498963e+00 2.426903e-01
4.074710e+00 2.727041e-01
1.561137e+00 2.432401e-01
4.154973e+00 2.735090e-01
1.629047e+00 2.438034e-01
4.219699e+00 2.743099e-01
1.694063e+00 2.443923e-01
4.284253e+00 2.751065e-01
1.759065e+00 2.449871e-01
4.348795e+00 2.758984e-01
1.823336e+00 2.456079e-01
4.413298e+00 2.766853e-01
1.889027e+00 2.462481e-01
4.477789e+00 2.774669e-01
1.953979e+00 2.468708e-01
4.542347e+00 2.782429e-01
2.018937e+00 2.475765e-01
4.606867e+00 2.790132e-01
2.083802e+00 2.483981e-01
4.671367e+00 2.797774e-01
2.148790e+00 2.495578e-01
4.735859e+00 2.805354e-01
2.213703e+00 2.488040e-01
4.800346e+00 2.812868e-01
2.278603e+00 2.500770e-01
4.864826e+00 2.820315e-01
2.343480e+00 2.507340e-01
4.929245e+00 2.827694e-01
2.408324e+00 2.519724e-01
4.993769e+00 2.835002e-01
2.473208e+00 2.525901e-01
5.058202e+00 2.842238e-01
