58.58949981948615 -2.7990622919544768 73.87872775317254 9.441996256931114 -2123.5658808106177 -0.0
7.926680066325268 4.2431120118810846 15.60568800346387 -0.8285776493403204 5088.697972705745 0.0
-63.544317807099596 9.162892364820408 -30.68021085675205 2.502202220253684 3666.5982088691458 -0.0
-41.836553575452506 -8.045072908483965 50.897588871644835 2.156119554905235 -683.4899256555498 0.0
1.068262554706723 1.3914038516674476 -10.593946464081794 -9.706742298651406 3815.238333923178 0.0
41.18032609265759 -1.5969174969782833 153.21838813003703 -7.810487407294116 -4506.9157746398805 -0.0
-175.37410419355172 22.735202526516833 75.56721775145712 5.909156346946239 4887.553119030274 -0.0
120.50369733154965 -19.443112815635157 147.91125595032423 -3.4270199478877714 -3195.35583378906 -0.0
22.118704022099777 -4.690888907073297 40.84385353616113 9.650944236871405 -5232.576688978156 0.0
-85.70436130471948 13.874649596615718 -37.392917260123795 4.49896087753033 3047.5399162172453 -0.0
10.956574478218776 -2.9090346946753125 -16.70171367970659 -2.365012475040928 1498.5928632403145 0.0
-15.585810033382096 0.7522227389191508 -32.44183970549122 9.142649393396583 -2295.880531515468 -0.0
56.00563360982026 3.185599329379574 -11.055242157988472 6.091068523449261 -4112.405944115744 0.0
12.625612540732225 -5.546200020355903 51.04857943067919 -3.6550137952861728 -2496.847997020679 0.0
-5.970625146283349 10.567287698059332 55.441059392589416 0.7295924351839974 233.35413841365613 -0.0
41.092561289380654 -9.035259118958969 52.4770150305063 4.958857755873651 1628.223389046505 0.0
-99.37359719011181 11.979830236793944 -18.42666810246091 -3.410470528046483 -2886.889410355664 -0.0
29.00126786743916 -14.918077070874183 -26.45514439136573 -3.7287254718097254 472.5580753911969 -0.0
-90.37862501788761 17.644931400657146 11.654681236755588 -8.772366606666639 -2299.6510214203795 0.0
161.94605087330123 -19.9028077763321 139.36511596160167 -9.095955256237145 -2766.275111134689 -0.0
