
 etall    1, NO =    4, NV =    5, INA =   15
 *********************************************

    I  COEFFICIENT          ORDER   EXPONENTS
     1  -0.1132854260708E-12    0     0 0  0 0  0
  -1.1328542607077618E-013
     2   0.4156059492695        1     1 0  0 0  0
  0.41560594926950162     
     3    19.14735216718        1     0 1  0 0  0
   19.147352167179186     
     4    1.958128006452        1     0 0  0 0  1
   1.9581280064517432     
     5  -0.1760224149754        2     2 0  0 0  0
 -0.17602241497544424     
     6   -2.316553986820        2     1 1  0 0  0
  -2.3165539868195082     
     7   -34.16491200861        2     0 2  0 0  0
  -34.164912008612944     
     8  -0.2044841843890        2     0 0  2 0  0
 -0.20448418438896934     
     9   -8.159805222290        2     0 0  1 1  0
  -8.1598052222902062     
    10   -1.719305870501        2     1 0  0 0  1
  -1.7193058705006876     
    11    13.17548127355        2     0 1  0 0  1
   13.175481273549350     
    12   -41.31676456018        2     0 0  0 2  0
  -41.316764560180971     
    13    6.866590940954        2     0 0  0 0  2
   6.8665909409539223     
    14   -1.188891076345        3     3 0  0 0  0
  -1.1888910763448541     
    15    6.035077037272        3     2 1  0 0  0
   6.0350770372718889     
    16   -396.6038953329        3     1 2  0 0  0
  -396.60389533288389     
    17    3909.735768480        3     0 3  0 0  0
   3909.7357684795866     
    18   -11.82910890506        3     1 0  2 0  0
  -11.829108905061430     
    19    49.86261311852        3     0 1  2 0  0
   49.862613118522141     
    20   -39.27191038917        3     1 0  1 1  0
  -39.271910389169165     
    21   -1579.915103429        3     0 1  1 1  0
  -1579.9151034294723     
    22    9.953828712072        3     2 0  0 0  1
   9.9538287120722764     
    23   -60.62890900587        3     1 1  0 0  1
  -60.628909005869566     
    24    1156.521927990        3     0 2  0 0  1
   1156.5219279897908     
    25    35.16767848416        3     0 0  2 0  1
   35.167678484157882     
    26   -570.3755994107        3     1 0  0 2  0
  -570.37559941073198     
    27    6665.720489162        3     0 1  0 2  0
   6665.7204891618121     
    28    60.17488691902        3     0 0  1 1  1
   60.174886919024672     
    29   -83.34639431600        3     1 0  0 0  2
  -83.346394316004520     
    30    488.5286381734        3     0 1  0 0  2
   488.52863817342012     
    31    1451.501455901        3     0 0  0 2  1
   1451.5014559005228     
    32    198.1904946095        3     0 0  0 0  3
   198.19049460951877     
    33  -0.6100310581919        4     4 0  0 0  0
 -0.61003105819192138     
    34   -9.769863621718        4     3 1  0 0  0
  -9.7698636217178869     
    35   -249.4011569744        4     2 2  0 0  0
  -249.40115697441425     
    36   -3955.320260657        4     1 3  0 0  0
  -3955.3202606573841     
    37   -20011.58438382        4     0 4  0 0  0
  -20011.584383823756     
    38   -12.84774341011        4     2 0  2 0  0
  -12.847743410109311     
    39   -37.25896473768        4     1 1  2 0  0
  -37.258964737683833     
    40    399.7701277100        4     0 2  2 0  0
   399.77012770997953     
    41   -4.763196993134        4     0 0  4 0  0
  -4.7631969931340610     
    42   -52.30764902983        4     2 0  1 1  0
  -52.307649029833229     
    43   -1071.050637609        4     1 1  1 1  0
  -1071.0506376087581     
    44   -10211.72576438        4     0 2  1 1  0
  -10211.725764379260     
    45   -49.59508309266        4     0 0  3 1  0
  -49.595083092658442     
    46    3.106356093936        4     3 0  0 0  1
   3.1063560939358617     
    47   -4.686511657819        4     2 1  0 0  1
  -4.6865116578186941     
    48   -100.5825993152        4     1 2  0 0  1
  -100.58259931520868     
    49   -20818.90811128        4     0 3  0 0  1
  -20818.908111282693     
    50    182.2718809366        4     1 0  2 0  1
   182.27188093661181     
    51   -492.8604841414        4     0 1  2 0  1
  -492.86048414141408     
    52    22.47315281435        4     2 0  0 2  0
   22.473152814346200     
    53   -13937.56335948        4     1 1  0 2  0
  -13937.563359479029     
    54   -226605.1936799        4     0 2  0 2  0
  -226605.19367985192     
    55   -344.0854595401        4     0 0  2 2  0
  -344.08545954009838     
    56    78.58886129415        4     1 0  1 1  1
   78.588861294154796     
    57    28217.38862603        4     0 1  1 1  1
   28217.388626029904     
    58   -10.68064673842        4     2 0  0 0  2
  -10.680646738417442     
    59   -179.2115944737        4     1 1  0 0  2
  -179.21159447374498     
    60   -1157.444545854        4     0 2  0 0  2
  -1157.4445458538212     
    61   -461.8363003122        4     0 0  2 0  2
  -461.83630031222390     
    62   -2163.786045522        4     0 0  1 3  0
  -2163.7860455223336     
    63    1558.336271452        4     1 0  0 2  1
   1558.3362714520174     
    64   -171664.3251175        4     0 1  0 2  1
  -171664.32511751534     
    65    160.4384943195        4     0 0  1 1  2
   160.43849431945875     
    66    20.79092636401        4     1 0  0 0  3
   20.790926364006271     
    67   -3438.968020510        4     0 1  0 0  3
  -3438.9680205098225     
    68   -14714.28461302        4     0 0  0 4  0
  -14714.284613021364     
    69   -10614.27324400        4     0 0  0 2  2
  -10614.273244002276     
    70   -33.51922903167        4     0 0  0 0  4
  -33.519229031667543     
                                      

 etall    1, NO =    4, NV =    5, INA =   19
 *********************************************

    I  COEFFICIENT          ORDER   EXPONENTS
     1   0.1344435419700E-14    0     0 0  0 0  0
   1.3444354196997123E-015
     2  -0.4483554816927E-01    1     1 0  0 0  0
  -4.4835548169274111E-002
     3   0.3405099706647        1     0 1  0 0  0
  0.34050997066470445     
     4   0.1389454511327        1     0 0  0 0  1
  0.13894545113274093     
     5  -0.9368645031606E-02    2     2 0  0 0  0
  -9.3686450316063583E-003
     6  -0.3249009047014        2     1 1  0 0  0
 -0.32490090470137933     
     7   -2.849546787887        2     0 2  0 0  0
  -2.8495467878866454     
     8  -0.1548451384666E-01    2     0 0  2 0  0
  -1.5484513846657342E-002
     9  -0.5577677424234        2     0 0  1 1  0
 -0.55776774242338956     
    10  -0.4132811061816E-01    2     1 0  0 0  1
  -4.1328110618160697E-002
    11   -1.916750767346        2     0 1  0 0  1
  -1.9167507673459347     
    12   -3.365854328127        2     0 0  0 2  0
  -3.3658543281271855     
    13   0.1950996295669        2     0 0  0 0  2
  0.19509962956694360     
    14  -0.2352048900194E-01    3     3 0  0 0  0
  -2.3520489001936495E-002
    15   -1.150457998502        3     2 1  0 0  0
  -1.1504579985020407     
    16   -16.03510648072        3     1 2  0 0  0
  -16.035106480719982     
    17   -552.5021371032        3     0 3  0 0  0
  -552.50213710318576     
    18  -0.1908944443795        3     1 0  2 0  0
 -0.19089444437954259     
    19   -4.419695517859        3     0 1  2 0  0
  -4.4196955178585506     
    20   -4.982837373066        3     1 0  1 1  0
  -4.9828373730661788     
    21   -27.39400064551        3     0 1  1 1  0
  -27.394000645513838     
    22   0.2078895198379        3     2 0  0 0  1
  0.20788951983792583     
    23    6.054104807344        3     1 1  0 0  1
   6.0541048073441832     
    24    20.64781640477        3     0 2  0 0  1
   20.647816404772776     
    25   0.6129644866258        3     0 0  2 0  1
  0.61296448662580572     
    26   -31.70856873076        3     1 0  0 2  0
  -31.708568730756955     
    27   -1734.247469644        3     0 1  0 2  0
  -1734.2474696444215     
    28    13.61912238255        3     0 0  1 1  1
   13.619122382548980     
    29   -1.587060295728        3     1 0  0 0  2
  -1.5870602957281763     
    30   -66.77279774527        3     0 1  0 0  2
  -66.772797745270125     
    31    51.53432470869        3     0 0  0 2  1
   51.534324708693177     
    32    3.245463055399        3     0 0  0 0  3
   3.2454630553990058     
    33   0.3141534606367E-03    4     4 0  0 0  0
   3.1415346063672946E-004
    34  -0.5304665183407        4     3 1  0 0  0
 -0.53046651834069813     
    35   -6.537255607239        4     2 2  0 0  0
  -6.5372556072394570     
    36   -27.30749976378        4     1 3  0 0  0
  -27.307499763783255     
    37   -2648.096575984        4     0 4  0 0  0
  -2648.0965759844071     
    38   0.1295147233569        4     2 0  2 0  0
  0.12951472335689809     
    39   -3.067272237220        4     1 1  2 0  0
  -3.0672722372203269     
    40    5.744306693515        4     0 2  2 0  0
   5.7443066935152487     
    41  -0.7040137523644        4     0 0  4 0  0
 -0.70401375236438679     
    42   0.3127857558785        4     2 0  1 1  0
  0.31278575587853963     
    43   -11.93869034832        4     1 1  1 1  0
  -11.938690348324229     
    44    1483.010604366        4     0 2  1 1  0
   1483.0106043657734     
    45   -3.832558511161        4     0 0  3 1  0
  -3.8325585111610696     
    46   0.8066086785635E-01    4     3 0  0 0  1
   8.0660867856349378E-002
    47    1.080060069075        4     2 1  0 0  1
   1.0800600690753033     
    48    96.57928459545        4     1 2  0 0  1
   96.579284595451284     
    49   -831.9189078080        4     0 3  0 0  1
  -831.91890780803453     
    50    2.849146443683        4     1 0  2 0  1
   2.8491464436832947     
    51    29.39161593277        4     0 1  2 0  1
   29.391615932769088     
    52    6.658327313804        4     2 0  0 2  0
   6.6583273138041976     
    53    644.2098552029        4     1 1  0 2  0
   644.20985520293948     
    54   -17438.94637649        4     0 2  0 2  0
  -17438.946376490367     
    55   -26.95331275228        4     0 0  2 2  0
  -26.953312752280869     
    56    73.68602853403        4     1 0  1 1  1
   73.686028534030314     
    57    778.1372111511        4     0 1  1 1  1
   778.13721115111082     
    58  -0.3641768936285        4     2 0  0 0  2
 -0.36417689362852879     
    59    4.450972682766        4     1 1  0 0  2
   4.4509726827657303     
    60   -590.6595082171        4     0 2  0 0  2
  -590.65950821711965     
    61   -4.619043012621        4     0 0  2 0  2
  -4.6190430126214821     
    62    361.3033601974        4     0 0  1 3  0
   361.30336019738525     
    63    321.4505470058        4     1 0  0 2  1
   321.45054700579004     
    64    17066.31149271        4     0 1  0 2  1
   17066.311492710673     
    65   -161.5889851564        4     0 0  1 1  2
  -161.58898515641130     
    66    8.430633281761        4     1 0  0 0  3
   8.4306332817613878     
    67   -17.14261834624        4     0 1  0 0  3
  -17.142618346235054     
    68    11427.85440312        4     0 0  0 4  0
   11427.854403115922     
    69   -1671.112219444        4     0 0  0 2  2
  -1671.1122194440288     
    70   -25.55123780462        4     0 0  0 0  4
  -25.551237804620428     
                                      

 etall    1, NO =    4, NV =    5, INA =   20
 *********************************************

    I  COEFFICIENT          ORDER   EXPONENTS
     1   0.1533609782077        1     0 0  1 0  0
  0.15336097820774880     
     2    12.04768134040        1     0 0  0 1  0
   12.047681340404836     
     3  -0.2892718580247        2     1 0  1 0  0
 -0.28927185802470173     
     4   -4.346583859968        2     0 1  1 0  0
  -4.3465838599679394     
     5   -6.326122349689        2     1 0  0 1  0
  -6.3261223496894363     
     6   -81.41394920768        2     0 1  0 1  0
  -81.413949207684993     
     7   -4.816615119046        2     0 0  1 0  1
  -4.8166151190456379     
     8    6.538947555555        2     0 0  0 1  1
   6.5389475555550236     
     9   -6.947169802554        3     2 0  1 0  0
  -6.9471698025539963     
    10    21.14523495278        3     1 1  1 0  0
   21.145234952776406     
    11   -1213.116670625        3     0 2  1 0  0
  -1213.1166706248116     
    12    21.20653150944        3     0 0  3 0  0
   21.206531509438374     
    13   -15.77170108790        3     2 0  0 1  0
  -15.771701087896174     
    14   -841.7302655191        3     1 1  0 1  0
  -841.73026551909197     
    15    5488.526098054        3     0 2  0 1  0
   5488.5260980542080     
    16    62.88893238838        3     0 0  2 1  0
   62.888932388375359     
    17    39.59723109785        3     1 0  1 0  1
   39.597231097845992     
    18   -92.56809500639        3     0 1  1 0  1
  -92.568095006392454     
    19    2969.470879248        3     0 0  1 2  0
   2969.4708792476113     
    20    43.79144474709        3     1 0  0 1  1
   43.791444747089926     
    21    1921.027356626        3     0 1  0 1  1
   1921.0273566261314     
    22   -219.4931899665        3     0 0  1 0  2
  -219.49318996652420     
    23   -496.7152312773        3     0 0  0 3  0
  -496.71523127726027     
    24   -170.0657931564        3     0 0  0 1  2
  -170.06579315641278     
    25   -4.120823186914        4     3 0  1 0  0
  -4.1208231869136682     
    26  -0.9499238309070        4     2 1  1 0  0
 -0.94992383090703647     
    27   -101.6869375937        4     1 2  1 0  0
  -101.68693759365530     
    28    1458.435387826        4     0 3  1 0  0
   1458.4353878263978     
    29    15.40965546468        4     1 0  3 0  0
   15.409655464678691     
    30   -121.6085108868        4     0 1  3 0  0
  -121.60851088677940     
    31   -11.67785095737        4     3 0  0 1  0
  -11.677850957371552     
    32   -167.6452856993        4     2 1  0 1  0
  -167.64528569932256     
    33   -7657.726792893        4     1 2  0 1  0
  -7657.7267928929423     
    34   -117057.8328425        4     0 3  0 1  0
  -117057.83284248986     
    35    185.0768203653        4     1 0  2 1  0
   185.07682036527518     
    36    1992.935254824        4     0 1  2 1  0
   1992.9352548240975     
    37    98.95414219566        4     2 0  1 0  1
   98.954142195658292     
    38   -734.4567176331        4     1 1  1 0  1
  -734.45671763313544     
    39    9819.285871875        4     0 2  1 0  1
   9819.2858718753087     
    40   -14.67693813730        4     0 0  3 0  1
  -14.676938137302358     
    41   -1755.560061977        4     1 0  1 2  0
  -1755.5600619765162     
    42   -25367.15482339        4     0 1  1 2  0
  -25367.154823388140     
    43    67.91973978173        4     2 0  0 1  1
   67.919739781725582     
    44    12399.72872047        4     1 1  0 1  1
   12399.728720467623     
    45   -244815.0950610        4     0 2  0 1  1
  -244815.09506097881     
    46    860.4247751211        4     0 0  2 1  1
   860.42477512109974     
    47   -565.8826072692        4     1 0  1 0  2
  -565.88260726917144     
    48    2926.945725539        4     0 1  1 0  2
   2926.9457255393509     
    49    19182.98475756        4     1 0  0 3  0
   19182.984757558053     
    50    81839.29163332        4     0 1  0 3  0
   81839.291633320565     
    51    8112.952343606        4     0 0  1 2  1
   8112.9523436056579     
    52   -690.8436683338        4     1 0  0 1  2
  -690.84366833381387     
    53   -51566.31275537        4     0 1  0 1  2
  -51566.312755372026     
    54    1054.887766701        4     0 0  1 0  3
   1054.8877667005409     
    55    138841.9260018        4     0 0  0 3  1
   138841.92600179842     
    56   -8913.781710133        4     0 0  0 1  3
  -8913.7817101326109     
                                      

 etall    1, NO =    4, NV =    5, INA =   21
 *********************************************

    I  COEFFICIENT          ORDER   EXPONENTS
     1  -0.8415908340675E-01    1     0 0  1 0  0
  -8.4159083406750296E-002
     2  -0.9077810371183E-01    1     0 0  0 1  0
  -9.0778103711828276E-002
     3  -0.4841229890757E-01    2     1 0  1 0  0
  -4.8412298907573641E-002
     4  -0.6364690885425        2     0 1  1 0  0
 -0.63646908854254747     
     5  -0.5028322286148        2     1 0  0 1  0
 -0.50283222861479970     
     6   -7.895281280274        2     0 1  0 1  0
  -7.8952812802743182     
     7   0.3117475678449E-01    2     0 0  1 0  1
   3.1174756784485690E-002
     8   -3.990398933839        2     0 0  0 1  1
  -3.9903989338394439     
     9  -0.1098125516304        3     2 0  1 0  0
 -0.10981255163037865     
    10   -7.134006649191        3     1 1  1 0  0
  -7.1340066491906304     
    11    8.421608887159        3     0 2  1 0  0
   8.4216088871592341     
    12   0.7621896987793E-01    3     0 0  3 0  0
   7.6218969877930254E-002
    13   -3.035313905166        3     2 0  0 1  0
  -3.0353139051659470     
    14   -63.19165614491        3     1 1  0 1  0
  -63.191656144905700     
    15   -2954.290861936        3     0 2  0 1  0
  -2954.2908619356604     
    16    21.27203737654        3     0 0  2 1  0
   21.272037376535856     
    17   0.5619959495138        3     1 0  1 0  1
  0.56199594951382015     
    18    20.21990463877        3     0 1  1 0  1
   20.219904638766334     
    19    78.14168200945        3     0 0  1 2  0
   78.141682009446598     
    20    16.88709609937        3     1 0  0 1  1
   16.887096099368101     
    21    74.69225517975        3     0 1  0 1  1
   74.692255179745686     
    22  -0.2671183717284        3     0 0  1 0  2
 -0.26711837172837571     
    23    2885.427417992        3     0 0  0 3  0
   2885.4274179923655     
    24   -181.5788955979        3     0 0  0 1  2
  -181.57889559788052     
    25   0.1977785811978        4     3 0  1 0  0
  0.19777858119783265     
    26   -3.556029075894        4     2 1  1 0  0
  -3.5560290758943442     
    27    14.03421249883        4     1 2  1 0  0
   14.034212498830513     
    28    1138.356432213        4     0 3  1 0  0
   1138.3564322126299     
    29  -0.2685180064438        4     1 0  3 0  0
 -0.26851800644382001     
    30   -13.53869565332        4     0 1  3 0  0
  -13.538695653318669     
    31   0.5114092144764        4     3 0  0 1  0
  0.51140921447640553     
    32    2.280486885047        4     2 1  0 1  0
   2.2804868850469866     
    33    192.7679108521        4     1 2  0 1  0
   192.76791085209845     
    34   -18906.07721768        4     0 3  0 1  0
  -18906.077217679427     
    35    9.457295278253        4     1 0  2 1  0
   9.4572952782530919     
    36    70.29285624864        4     0 1  2 1  0
   70.292856248637747     
    37    2.043024056179        4     2 0  1 0  1
   2.0430240561790693     
    38    122.6924538585        4     1 1  1 0  1
   122.69245385852409     
    39    468.8671536818        4     0 2  1 0  1
   468.86715368183269     
    40   -8.984427875021        4     0 0  3 0  1
  -8.9844278750211046     
    41   -29.50811335796        4     1 0  1 2  0
  -29.508113357960401     
    42    921.3069350660        4     0 1  1 2  0
   921.30693506598482     
    43    22.49124824300        4     2 0  0 1  1
   22.491248242996537     
    44    923.3577716955        4     1 1  0 1  1
   923.35777169553012     
    45    32760.42498220        4     0 2  0 1  1
   32760.424982201421     
    46   -50.83342717599        4     0 0  2 1  1
  -50.833427175989527     
    47   -9.353097384425        4     1 0  1 0  2
  -9.3530973844245544     
    48   -251.2705651092        4     0 1  1 0  2
  -251.27056510919772     
    49   -3257.375525360        4     1 0  0 3  0
  -3257.3755253598297     
    50   -216.5266869473        4     0 1  0 3  0
  -216.52668694726685     
    51   -1285.866384831        4     0 0  1 2  1
  -1285.8663848311667     
    52   -94.51876974233        4     1 0  0 1  2
  -94.518769742329255     
    53   -4117.647276129        4     0 1  0 1  2
  -4117.6472761289215     
    54    80.08886853868        4     0 0  1 0  3
   80.088868538675030     
    55    5731.218430146        4     0 0  0 3  1
   5731.2184301463940     
    56    347.6249262778        4     0 0  0 1  3
   347.62492627775089     
                                      

 etall    1, NO =    4, NV =    5, INA =   22
 *********************************************

    I  COEFFICIENT          ORDER   EXPONENTS
     1    1.000000000000        1     0 0  0 0  1
   1.0000000000000000     
                                      

 etall    1, NO =    4, NV =    5, INA =   30
 *********************************************

    I  COEFFICIENT          ORDER   EXPONENTS
     1  -0.6885603198725E-12    0     0 0  0 0  0
  -6.8856031987252209E-013
     2   0.1455402986696        1     1 0  0 0  0
  0.14554029866960319     
     3    1.993675374835        1     0 1  0 0  0
   1.9936753748350236     
     4    16.63275741629        1     0 0  0 0  1
   16.632757416293479     
     5  -0.5324362254912E-01    2     2 0  0 0  0
  -5.3243622549123112E-002
     6   0.1084398251620        2     1 1  0 0  0
  0.10843982516197220     
     7   -19.76082409141        2     0 2  0 0  0
  -19.760824091411390     
     8  -0.1632232396354        2     0 0  2 0  0
 -0.16322323963541244     
     9  -0.5052386674732E-02    2     0 0  1 1  0
  -5.0523866747324876E-003
    10   0.6199398723234        2     1 0  0 0  1
  0.61993987232336190     
    11    8.378913818641        2     0 1  0 0  1
   8.3789138186411183     
    12   -18.05926949258        2     0 0  0 2  0
  -18.059269492579411     
    13    6.083962166351        2     0 0  0 0  2
   6.0839621663509043     
    14   0.5253835555498E-01    3     3 0  0 0  0
   5.2538355554979578E-002
    15    3.219581220766        3     2 1  0 0  0
   3.2195812207657806     
    16    45.44811629424        3     1 2  0 0  0
   45.448116294239149     
    17    1694.311011018        3     0 3  0 0  0
   1694.3110110181278     
    18   0.3487289821045        3     1 0  2 0  0
  0.34872898210453790     
    19    12.25153327029        3     0 1  2 0  0
   12.251533270292960     
    20    11.68572331352        3     1 0  1 1  0
   11.685723313524550     
    21    57.08991496735        3     0 1  1 1  0
   57.089914967351376     
    22   -3.360530557698        3     2 0  0 0  1
  -3.3605305576984241     
    23   -24.57626453502        3     1 1  0 0  1
  -24.576264535018893     
    24   -1298.806531450        3     0 2  0 0  1
  -1298.8065314500436     
    25   -14.81985020098        3     0 0  2 0  1
  -14.819850200984174     
    26    94.28295920012        3     1 0  0 2  0
   94.282959200117759     
    27    5181.782849962        3     0 1  0 2  0
   5181.7828499622456     
    28   -79.82191318114        3     0 0  1 1  1
  -79.821913181138655     
    29    22.12819910267        3     1 0  0 0  2
   22.128199102672550     
    30    214.0612209837        3     0 1  0 0  2
   214.06122098366987     
    31   -2070.461531851        3     0 0  0 2  1
  -2070.4615318514066     
    32   -63.23257498547        3     0 0  0 0  3
  -63.232574985466016     
    33  -0.7324497953346E-02    4     4 0  0 0  0
  -7.3244979533459188E-003
    34   0.6929531939803        4     3 1  0 0  0
  0.69295319398033661     
    35   -15.69778969191        4     2 2  0 0  0
  -15.697789691905637     
    36   -475.8954776011        4     1 3  0 0  0
  -475.89547760107581     
    37    1328.979473284        4     0 4  0 0  0
   1328.9794732843939     
    38    3.107648537723        4     2 0  2 0  0
   3.1076485377231076     
    39   -15.13789785477        4     1 1  2 0  0
  -15.137897854770832     
    40    392.1526393815        4     0 2  2 0  0
   392.15263938145307     
    41    1.051433550550        4     0 0  4 0  0
   1.0514335505497081     
    42    22.63784573593        4     2 0  1 1  0
   22.637845735933691     
    43    1148.320463658        4     1 1  1 1  0
   1148.3204636582072     
    44   -9646.722325076        4     0 2  1 1  0
  -9646.7223250756942     
    45    10.16549172674        4     0 0  3 1  0
   10.165491726737201     
    46  -0.9740032260191        4     3 0  0 0  1
 -0.97400322601913192     
    47   -3.357073500039        4     2 1  0 0  1
  -3.3570735000387311     
    48   -56.83004932982        4     1 2  0 0  1
  -56.830049329815282     
    49    4640.762892405        4     0 3  0 0  1
   4640.7628924049968     
    50   -44.21523483309        4     1 0  2 0  1
  -44.215234833088324     
    51   -18.72988862617        4     0 1  2 0  1
  -18.729888626165096     
    52    116.4685217784        4     2 0  0 2  0
   116.46852177837116     
    53    2007.696538143        4     1 1  0 2  0
   2007.6965381427242     
    54    206900.4847598        4     0 2  0 2  0
   206900.48475976739     
    55    65.31664644282        4     0 0  2 2  0
   65.316646442816236     
    56   -419.2890553033        4     1 0  1 1  1
  -419.28905530327455     
    57   -5318.977159656        4     0 1  1 1  1
  -5318.9771596556866     
    58    10.41061357313        4     2 0  0 0  2
   10.410613573125039     
    59   -3.081311620707        4     1 1  0 0  2
  -3.0813116207069737     
    60    3817.558106586        4     0 2  0 0  2
   3817.5581065859169     
    61    112.4422330062        4     0 0  2 0  2
   112.44223300624191     
    62   -431.8208238747        4     0 0  1 3  0
  -431.82082387467301     
    63   -725.5393933296        4     1 0  0 2  1
  -725.53939332964740     
    64   -65035.29678956        4     0 1  0 2  1
  -65035.296789561100     
    65    962.1786403942        4     0 0  1 1  2
   962.17864039416156     
    66   -65.00148091228        4     1 0  0 0  3
  -65.001480912279121     
    67    19.99226049610        4     0 1  0 0  3
   19.992260496096584     
    68   -15790.99221473        4     0 0  0 4  0
  -15790.992214733951     
    69    7384.126502626        4     0 0  0 2  2
   7384.1265026264955     
    70    168.1774787244        4     0 0  0 0  4
   168.17747872440128     
                                      
