1 -- SIS18 with a sextupole --                                                     "MAD" Version: 8.23/08   Run: 29/11/05  10.05.49
 Linear lattice functions.    TWISS               line: MACHINE                    range: #S/#E                                   
 Delta(p)/p:     0.000000     symm: F             super:   1                                                             page     1
 ----------------------------------------------------------------------------------------------------------------------------------
      ELEMENT SEQUENCE       I                H O R I Z O N T A L                   I                  V E R T I C A L
 pos.  element occ.     dist I   betax  alfax   mux    x(co)  px(co) Dx     Dpx  I   betay  alfay   muy    y(co)  py(co) Dy    Dpy
 no.   name    no.      [m]  I   [m]    [1]     [2pi]  [mm]   [.001] [m]    [1]  I   [m]    [1]     [2pi]  [mm]   [.001] [m]   [1]
 ----------------------------------------------------------------------------------------------------------------------------------
 begin CELL       1     0.000   12.797  1.292   0.000  0.0000  0.000  1.946 -0.325   13.486  0.427   0.000  0.0000  0.000  0.000 0.000
     1 DR1        1     0.645   11.218  1.157   0.009  0.0000  0.000  1.737 -0.325   12.972  0.371   0.008  0.0000  0.000  0.000 0.000
     2 RB         1     3.263    6.609  0.622   0.057  0.0000  0.000  1.234 -0.063   10.842  0.416   0.043  0.0000  0.000  0.000 0.000
     3 DR2        1     4.233    5.600  0.418   0.083  0.0000  0.000  1.172 -0.063   10.138  0.311   0.058  0.0000  0.000  0.000 0.000
     4 RB         2     6.851    4.832 -0.122   0.166  0.0000  0.000  1.349  0.199    8.638  0.243   0.103  0.0000  0.000  0.000 0.000
     5 DR3        1    13.690   16.321 -1.558   0.305  0.0000  0.000  2.712  0.199   11.050 -0.596   0.226  0.0000  0.000  0.000 0.000
     6 QS1F       1    14.730   14.170  3.389   0.316  0.0000  0.000  2.463 -0.664   16.901 -5.649   0.239  0.0000  0.000  0.000 0.000
     7 DR4        1    15.330   10.421  2.860   0.324  0.0000  0.000  2.065 -0.664   24.381 -6.818   0.244  0.0000  0.000  0.000 0.000
     8 QS2D       1    16.370    9.910 -2.284   0.341  0.0000  0.000  1.890  0.313   24.847  6.453   0.250  0.0000  0.000  0.000 0.000
     9 DR5        1    17.080   13.468 -2.729   0.351  0.0000  0.000  2.112  0.313   16.552  5.235   0.256  0.0000  0.000  0.000 0.000
    10 QS3T       1    17.560   14.140  1.396   0.357  0.0000  0.000  2.109 -0.325   13.935  0.471   0.261  0.0000  0.000  0.000 0.000
    11 DR6        1    18.060   12.797  1.292   0.362  0.0000  0.000  1.946 -0.325   13.486  0.427   0.267  0.0000  0.000  0.000 0.000
    12 S          1    18.060   12.797  1.292   0.362  0.0000  0.000  1.946 -0.325   13.486  0.427   0.267  0.0000  0.000  0.000 0.000
    13 DR1        2    18.705   11.218  1.157   0.371  0.0000  0.000  1.737 -0.325   12.972  0.371   0.274  0.0000  0.000  0.000 0.000
    14 RB         3    21.323    6.609  0.622   0.420  0.0000  0.000  1.234 -0.063   10.842  0.416   0.310  0.0000  0.000  0.000 0.000
    15 DR2        2    22.293    5.600  0.418   0.445  0.0000  0.000  1.172 -0.063   10.138  0.311   0.325  0.0000  0.000  0.000 0.000
    16 RB         4    24.911    4.832 -0.122   0.528  0.0000  0.000  1.349  0.199    8.638  0.243   0.370  0.0000  0.000  0.000 0.000
    17 DR3        2    31.750   16.321 -1.558   0.668  0.0000  0.000  2.712  0.199   11.050 -0.596   0.493  0.0000  0.000  0.000 0.000
    18 QS1F       2    32.790   14.170  3.389   0.678  0.0000  0.000  2.463 -0.664   16.901 -5.649   0.506  0.0000  0.000  0.000 0.000
    19 DR4        2    33.390   10.421  2.860   0.686  0.0000  0.000  2.065 -0.664   24.381 -6.818   0.511  0.0000  0.000  0.000 0.000
    20 QS2D       2    34.430    9.910 -2.284   0.704  0.0000  0.000  1.890  0.313   24.847  6.453   0.517  0.0000  0.000  0.000 0.000
    21 DR5        2    35.140   13.468 -2.729   0.714  0.0000  0.000  2.112  0.313   16.552  5.235   0.522  0.0000  0.000  0.000 0.000
    22 QS3T       2    35.620   14.140  1.396   0.719  0.0000  0.000  2.109 -0.325   13.935  0.471   0.528  0.0000  0.000  0.000 0.000
    23 DR6        2    36.120   12.797  1.292   0.725  0.0000  0.000  1.946 -0.325   13.486  0.427   0.533  0.0000  0.000  0.000 0.000
    24 DR1        3    36.765   11.218  1.157   0.734  0.0000  0.000  1.737 -0.325   12.972  0.371   0.541  0.0000  0.000  0.000 0.000
    25 RB         5    39.383    6.609  0.622   0.782  0.0000  0.000  1.234 -0.063   10.842  0.416   0.577  0.0000  0.000  0.000 0.000
    26 DR2        3    40.353    5.600  0.418   0.808  0.0000  0.000  1.172 -0.063   10.138  0.311   0.591  0.0000  0.000  0.000 0.000
    27 RB         6    42.971    4.832 -0.122   0.891  0.0000  0.000  1.349  0.199    8.638  0.243   0.636  0.0000  0.000  0.000 0.000
    28 DR3        3    49.810   16.321 -1.558   1.030  0.0000  0.000  2.712  0.199   11.050 -0.596   0.760  0.0000  0.000  0.000 0.000
    29 QS1F       3    50.850   14.170  3.389   1.041  0.0000  0.000  2.463 -0.664   16.901 -5.649   0.773  0.0000  0.000  0.000 0.000
    30 DR4        3    51.450   10.421  2.860   1.049  0.0000  0.000  2.065 -0.664   24.381 -6.818   0.777  0.0000  0.000  0.000 0.000
    31 QS2D       3    52.490    9.910 -2.284   1.066  0.0000  0.000  1.890  0.313   24.847  6.453   0.783  0.0000  0.000  0.000 0.000
    32 DR5        3    53.200   13.468 -2.729   1.076  0.0000  0.000  2.112  0.313   16.552  5.235   0.789  0.0000  0.000  0.000 0.000
    33 QS3T       3    53.680   14.140  1.396   1.082  0.0000  0.000  2.109 -0.325   13.935  0.471   0.794  0.0000  0.000  0.000 0.000
    34 DR6        3    54.180   12.797  1.292   1.087  0.0000  0.000  1.946 -0.325   13.486  0.427   0.800  0.0000  0.000  0.000 0.000
    35 DR1        4    54.825   11.218  1.157   1.096  0.0000  0.000  1.737 -0.325   12.972  0.371   0.808  0.0000  0.000  0.000 0.000
    36 RB         7    57.443    6.609  0.622   1.145  0.0000  0.000  1.234 -0.063   10.842  0.416   0.843  0.0000  0.000  0.000 0.000
    37 DR2        4    58.413    5.600  0.418   1.170  0.0000  0.000  1.172 -0.063   10.138  0.311   0.858  0.0000  0.000  0.000 0.000
    38 RB         8    61.031    4.832 -0.122   1.253  0.0000  0.000  1.349  0.199    8.638  0.243   0.903  0.0000  0.000  0.000 0.000
    39 DR3        4    67.870   16.321 -1.558   1.393  0.0000  0.000  2.712  0.199   11.050 -0.596   1.026  0.0000  0.000  0.000 0.000
    40 QS1F       4    68.910   14.170  3.389   1.403  0.0000  0.000  2.463 -0.664   16.901 -5.649   1.039  0.0000  0.000  0.000 0.000
    41 DR4        4    69.510   10.421  2.860   1.411  0.0000  0.000  2.065 -0.664   24.381 -6.818   1.044  0.0000  0.000  0.000 0.000
    42 QS2D       4    70.550    9.910 -2.284   1.429  0.0000  0.000  1.890  0.313   24.847  6.453   1.050  0.0000  0.000  0.000 0.000
    43 DR5        4    71.260   13.468 -2.729   1.439  0.0000  0.000  2.112  0.313   16.552  5.235   1.056  0.0000  0.000  0.000 0.000
    44 QS3T       4    71.740   14.140  1.396   1.444  0.0000  0.000  2.109 -0.325   13.935  0.471   1.061  0.0000  0.000  0.000 0.000
    45 DR6        4    72.240   12.797  1.292   1.450  0.0000  0.000  1.946 -0.325   13.486  0.427   1.067  0.0000  0.000  0.000 0.000
    46 DR1        5    72.885   11.218  1.157   1.459  0.0000  0.000  1.737 -0.325   12.972  0.371   1.074  0.0000  0.000  0.000 0.000
    47 RB         9    75.503    6.609  0.622   1.507  0.0000  0.000  1.234 -0.063   10.842  0.416   1.110  0.0000  0.000  0.000 0.000
    48 DR2        5    76.473    5.600  0.418   1.533  0.0000  0.000  1.172 -0.063   10.138  0.311   1.125  0.0000  0.000  0.000 0.000
    49 RB        10    79.091    4.832 -0.122   1.616  0.0000  0.000  1.349  0.199    8.638  0.243   1.170  0.0000  0.000  0.000 0.000
    50 DR3        5    85.930   16.321 -1.558   1.755  0.0000  0.000  2.712  0.199   11.050 -0.596   1.293  0.0000  0.000  0.000 0.000
    51 QS1F       5    86.970   14.170  3.389   1.766  0.0000  0.000  2.463 -0.664   16.901 -5.649   1.306  0.0000  0.000  0.000 0.000
    52 DR4        5    87.570   10.421  2.860   1.774  0.0000  0.000  2.065 -0.664   24.381 -6.818   1.311  0.0000  0.000  0.000 0.000
    53 QS2D       5    88.610    9.910 -2.284   1.791  0.0000  0.000  1.890  0.313   24.847  6.453   1.317  0.0000  0.000  0.000 0.000
    54 DR5        5    89.320   13.468 -2.729   1.801  0.0000  0.000  2.112  0.313   16.552  5.235   1.322  0.0000  0.000  0.000 0.000
    55 QS3T       5    89.800   14.140  1.396   1.807  0.0000  0.000  2.109 -0.325   13.935  0.471   1.328  0.0000  0.000  0.000 0.000
    56 DR6        5    90.300   12.797  1.292   1.812  0.0000  0.000  1.946 -0.325   13.486  0.427   1.333  0.0000  0.000  0.000 0.000
    57 DR1        6    90.945   11.218  1.157   1.821  0.0000  0.000  1.737 -0.325   12.972  0.371   1.341  0.0000  0.000  0.000 0.000
    58 RB        11    93.563    6.609  0.622   1.870  0.0000  0.000  1.234 -0.063   10.842  0.416   1.377  0.0000  0.000  0.000 0.000
    59 DR2        6    94.533    5.600  0.418   1.895  0.0000  0.000  1.172 -0.063   10.138  0.311   1.391  0.0000  0.000  0.000 0.000
    60 RB        12    97.151    4.832 -0.122   1.978  0.0000  0.000  1.349  0.199    8.638  0.243   1.436  0.0000  0.000  0.000 0.000
    61 DR3        6   103.990   16.321 -1.558   2.118  0.0000  0.000  2.712  0.199   11.050 -0.596   1.560  0.0000  0.000  0.000 0.000
    62 QS1F       6   105.030   14.170  3.389   2.128  0.0000  0.000  2.463 -0.664   16.901 -5.649   1.573  0.0000  0.000  0.000 0.000
    63 DR4        6   105.630   10.421  2.860   2.136  0.0000  0.000  2.065 -0.664   24.381 -6.818   1.577  0.0000  0.000  0.000 0.000
    64 QS2D       6   106.670    9.910 -2.284   2.154  0.0000  0.000  1.890  0.313   24.847  6.453   1.583  0.0000  0.000  0.000 0.000
    65 DR5        6   107.380   13.468 -2.729   2.164  0.0000  0.000  2.112  0.313   16.552  5.235   1.589  0.0000  0.000  0.000 0.000
    66 QS3T       6   107.860   14.140  1.396   2.169  0.0000  0.000  2.109 -0.325   13.935  0.471   1.594  0.0000  0.000  0.000 0.000
    67 DR6        6   108.360   12.797  1.292   2.175  0.0000  0.000  1.946 -0.325   13.486  0.427   1.600  0.0000  0.000  0.000 0.000
    68 DR1        7   109.005   11.218  1.157   2.184  0.0000  0.000  1.737 -0.325   12.972  0.371   1.608  0.0000  0.000  0.000 0.000
    69 RB        13   111.623    6.609  0.622   2.232  0.0000  0.000  1.234 -0.063   10.842  0.416   1.643  0.0000  0.000  0.000 0.000
    70 DR2        7   112.593    5.600  0.418   2.258  0.0000  0.000  1.172 -0.063   10.138  0.311   1.658  0.0000  0.000  0.000 0.000
    71 RB        14   115.211    4.832 -0.122   2.341  0.0000  0.000  1.349  0.199    8.638  0.243   1.703  0.0000  0.000  0.000 0.000
    72 DR3        7   122.050   16.321 -1.558   2.480  0.0000  0.000  2.712  0.199   11.050 -0.596   1.826  0.0000  0.000  0.000 0.000
    73 QS1F       7   123.090   14.170  3.389   2.491  0.0000  0.000  2.463 -0.664   16.901 -5.649   1.839  0.0000  0.000  0.000 0.000
    74 DR4        7   123.690   10.421  2.860   2.499  0.0000  0.000  2.065 -0.664   24.381 -6.818   1.844  0.0000  0.000  0.000 0.000
    75 QS2D       7   124.730    9.910 -2.284   2.516  0.0000  0.000  1.890  0.313   24.847  6.453   1.850  0.0000  0.000  0.000 0.000
    76 DR5        7   125.440   13.468 -2.729   2.526  0.0000  0.000  2.112  0.313   16.552  5.235   1.856  0.0000  0.000  0.000 0.000
    77 QS3T       7   125.920   14.140  1.396   2.532  0.0000  0.000  2.109 -0.325   13.935  0.471   1.861  0.0000  0.000  0.000 0.000
    78 DR6        7   126.420   12.797  1.292   2.537  0.0000  0.000  1.946 -0.325   13.486  0.427   1.867  0.0000  0.000  0.000 0.000
    79 DR1        8   127.065   11.218  1.157   2.546  0.0000  0.000  1.737 -0.325   12.972  0.371   1.874  0.0000  0.000  0.000 0.000
    80 RB        15   129.683    6.609  0.622   2.595  0.0000  0.000  1.234 -0.063   10.842  0.416   1.910  0.0000  0.000  0.000 0.000
    81 DR2        8   130.653    5.600  0.418   2.620  0.0000  0.000  1.172 -0.063   10.138  0.311   1.925  0.0000  0.000  0.000 0.000
    82 RB        16   133.271    4.832 -0.122   2.703  0.0000  0.000  1.349  0.199    8.638  0.243   1.970  0.0000  0.000  0.000 0.000
    83 DR3        8   140.110   16.321 -1.558   2.843  0.0000  0.000  2.712  0.199   11.050 -0.596   2.093  0.0000  0.000  0.000 0.000
    84 QS1F       8   141.150   14.170  3.389   2.853  0.0000  0.000  2.463 -0.664   16.901 -5.649   2.106  0.0000  0.000  0.000 0.000
    85 DR4        8   141.750   10.421  2.860   2.861  0.0000  0.000  2.065 -0.664   24.381 -6.818   2.111  0.0000  0.000  0.000 0.000
    86 QS2D       8   142.790    9.910 -2.284   2.879  0.0000  0.000  1.890  0.313   24.847  6.453   2.117  0.0000  0.000  0.000 0.000
    87 DR5        8   143.500   13.468 -2.729   2.889  0.0000  0.000  2.112  0.313   16.552  5.235   2.122  0.0000  0.000  0.000 0.000
    88 QS3T       8   143.980   14.140  1.396   2.894  0.0000  0.000  2.109 -0.325   13.935  0.471   2.128  0.0000  0.000  0.000 0.000
    89 DR6        8   144.480   12.797  1.292   2.900  0.0000  0.000  1.946 -0.325   13.486  0.427   2.133  0.0000  0.000  0.000 0.000
    90 DR1        9   145.125   11.218  1.157   2.909  0.0000  0.000  1.737 -0.325   12.972  0.371   2.141  0.0000  0.000  0.000 0.000
    91 RB        17   147.743    6.609  0.622   2.957  0.0000  0.000  1.234 -0.063   10.842  0.416   2.177  0.0000  0.000  0.000 0.000
    92 DR2        9   148.713    5.600  0.418   2.983  0.0000  0.000  1.172 -0.063   10.138  0.311   2.191  0.0000  0.000  0.000 0.000
    93 RB        18   151.331    4.832 -0.122   3.066  0.0000  0.000  1.349  0.199    8.638  0.243   2.236  0.0000  0.000  0.000 0.000
    94 DR3        9   158.170   16.321 -1.558   3.205  0.0000  0.000  2.712  0.199   11.050 -0.596   2.360  0.0000  0.000  0.000 0.000
    95 QS1F       9   159.210   14.170  3.389   3.216  0.0000  0.000  2.463 -0.664   16.901 -5.649   2.373  0.0000  0.000  0.000 0.000
    96 DR4        9   159.810   10.421  2.860   3.224  0.0000  0.000  2.065 -0.664   24.381 -6.818   2.377  0.0000  0.000  0.000 0.000
    97 QS2D       9   160.850    9.910 -2.284   3.241  0.0000  0.000  1.890  0.313   24.847  6.453   2.383  0.0000  0.000  0.000 0.000
    98 DR5        9   161.560   13.468 -2.729   3.251  0.0000  0.000  2.112  0.313   16.552  5.235   2.389  0.0000  0.000  0.000 0.000
    99 QS3T       9   162.040   14.140  1.396   3.257  0.0000  0.000  2.109 -0.325   13.935  0.471   2.394  0.0000  0.000  0.000 0.000
   100 DR6        9   162.540   12.797  1.292   3.262  0.0000  0.000  1.946 -0.325   13.486  0.427   2.400  0.0000  0.000  0.000 0.000
   101 DR1       10   163.185   11.218  1.157   3.271  0.0000  0.000  1.737 -0.325   12.972  0.371   2.408  0.0000  0.000  0.000 0.000
   102 RB        19   165.803    6.609  0.622   3.320  0.0000  0.000  1.234 -0.063   10.842  0.416   2.443  0.0000  0.000  0.000 0.000
   103 DR2       10   166.773    5.600  0.418   3.345  0.0000  0.000  1.172 -0.063   10.138  0.311   2.458  0.0000  0.000  0.000 0.000
   104 RB        20   169.391    4.832 -0.122   3.428  0.0000  0.000  1.349  0.199    8.638  0.243   2.503  0.0000  0.000  0.000 0.000
   105 DR3       10   176.230   16.321 -1.558   3.568  0.0000  0.000  2.712  0.199   11.050 -0.596   2.626  0.0000  0.000  0.000 0.000
   106 QS1F      10   177.270   14.170  3.389   3.578  0.0000  0.000  2.463 -0.664   16.901 -5.649   2.639  0.0000  0.000  0.000 0.000
   107 DR4       10   177.870   10.421  2.860   3.586  0.0000  0.000  2.065 -0.664   24.381 -6.818   2.644  0.0000  0.000  0.000 0.000
   108 QS2D      10   178.910    9.910 -2.284   3.604  0.0000  0.000  1.890  0.313   24.847  6.453   2.650  0.0000  0.000  0.000 0.000
   109 DR5       10   179.620   13.468 -2.729   3.614  0.0000  0.000  2.112  0.313   16.552  5.235   2.656  0.0000  0.000  0.000 0.000
   110 QS3T      10   180.100   14.140  1.396   3.619  0.0000  0.000  2.109 -0.325   13.935  0.471   2.661  0.0000  0.000  0.000 0.000
   111 DR6       10   180.600   12.797  1.292   3.625  0.0000  0.000  1.946 -0.325   13.486  0.427   2.667  0.0000  0.000  0.000 0.000
   112 DR1       11   181.245   11.218  1.157   3.634  0.0000  0.000  1.737 -0.325   12.972  0.371   2.674  0.0000  0.000  0.000 0.000
   113 RB        21   183.863    6.609  0.622   3.682  0.0000  0.000  1.234 -0.063   10.842  0.416   2.710  0.0000  0.000  0.000 0.000
   114 DR2       11   184.833    5.600  0.418   3.708  0.0000  0.000  1.172 -0.063   10.138  0.311   2.725  0.0000  0.000  0.000 0.000
   115 RB        22   187.451    4.832 -0.122   3.791  0.0000  0.000  1.349  0.199    8.638  0.243   2.770  0.0000  0.000  0.000 0.000
   116 DR3       11   194.290   16.321 -1.558   3.930  0.0000  0.000  2.712  0.199   11.050 -0.596   2.893  0.0000  0.000  0.000 0.000
   117 QS1F      11   195.330   14.170  3.389   3.941  0.0000  0.000  2.463 -0.664   16.901 -5.649   2.906  0.0000  0.000  0.000 0.000
   118 DR4       11   195.930   10.421  2.860   3.949  0.0000  0.000  2.065 -0.664   24.381 -6.818   2.911  0.0000  0.000  0.000 0.000
   119 QS2D      11   196.970    9.910 -2.284   3.966  0.0000  0.000  1.890  0.313   24.847  6.453   2.917  0.0000  0.000  0.000 0.000
   120 DR5       11   197.680   13.468 -2.729   3.976  0.0000  0.000  2.112  0.313   16.552  5.235   2.922  0.0000  0.000  0.000 0.000
   121 QS3T      11   198.160   14.140  1.396   3.982  0.0000  0.000  2.109 -0.325   13.935  0.471   2.928  0.0000  0.000  0.000 0.000
   122 DR6       11   198.660   12.797  1.292   3.987  0.0000  0.000  1.946 -0.325   13.486  0.427   2.933  0.0000  0.000  0.000 0.000
   123 DR1       12   199.305   11.218  1.157   3.996  0.0000  0.000  1.737 -0.325   12.972  0.371   2.941  0.0000  0.000  0.000 0.000
   124 RB        23   201.923    6.609  0.622   4.045  0.0000  0.000  1.234 -0.063   10.842  0.416   2.977  0.0000  0.000  0.000 0.000
   125 DR2       12   202.893    5.600  0.418   4.070  0.0000  0.000  1.172 -0.063   10.138  0.311   2.991  0.0000  0.000  0.000 0.000
   126 RB        24   205.511    4.832 -0.122   4.153  0.0000  0.000  1.349  0.199    8.638  0.243   3.036  0.0000  0.000  0.000 0.000
   127 DR3       12   212.350   16.321 -1.558   4.293  0.0000  0.000  2.712  0.199   11.050 -0.596   3.160  0.0000  0.000  0.000 0.000
   128 QS1F      12   213.390   14.170  3.389   4.303  0.0000  0.000  2.463 -0.664   16.901 -5.649   3.173  0.0000  0.000  0.000 0.000
   129 DR4       12   213.990   10.421  2.860   4.311  0.0000  0.000  2.065 -0.664   24.381 -6.818   3.177  0.0000  0.000  0.000 0.000
   130 QS2D      12   215.030    9.910 -2.284   4.329  0.0000  0.000  1.890  0.313   24.847  6.453   3.183  0.0000  0.000  0.000 0.000
   131 DR5       12   215.740   13.468 -2.729   4.339  0.0000  0.000  2.112  0.313   16.552  5.235   3.189  0.0000  0.000  0.000 0.000
   132 QS3T      12   216.220   14.140  1.396   4.344  0.0000  0.000  2.109 -0.325   13.935  0.471   3.194  0.0000  0.000  0.000 0.000
   133 DR6       12   216.720   12.797  1.292   4.350  0.0000  0.000  1.946 -0.325   13.486  0.427   3.200  0.0000  0.000  0.000 0.000
