
 etall    1, NO =    4, NV =    5, INA =   15
 *********************************************

    I  COEFFICIENT          ORDER   EXPONENTS
     1  -0.4263153584381E-13    0     0 0  0 0  0
 -4.263153584380727E-014
     2   0.2412590364331        1     1 0  0 0  0
  0.241259036433126     
     3    12.32443784860        1     0 1  0 0  0
   12.3244378486046     
     4    1.762684302942        1     0 0  0 0  1
   1.76268430294178     
     5  -0.2819514081129        2     2 0  0 0  0
 -0.281951408112900     
     6   -1.650791580313        2     1 1  0 0  0
  -1.65079158031273     
     7   -21.48872131658        2     0 2  0 0  0
  -21.4887213165838     
     8  -0.8006617260965E-01    2     0 0  2 0  0
 -8.006617260964533E-002
     9   -1.525415702661        2     0 0  1 1  0
  -1.52541570266145     
    10   -3.367444685235        2     1 0  0 0  1
  -3.36744468523472     
    11    5.271495057995        2     0 1  0 0  1
   5.27149505799474     
    12   -7.983899671920        2     0 0  0 2  0
  -7.98389967191983     
    13    9.312079245314        2     0 0  0 0  2
   9.31207924531382     
    14   -15.16376944392        3     3 0  0 0  0
  -15.1637694439244     
    15    36.07370860049        3     2 1  0 0  0
   36.0737086004918     
    16   -2502.183080227        3     1 2  0 0  0
  -2502.18308022669     
    17    7542.185966320        3     0 3  0 0  0
   7542.18596632003     
    18   -1.029948975569        3     1 0  2 0  0
  -1.02994897556893     
    19    5.224868245472        3     0 1  2 0  0
   5.22486824547186     
    20   -7.368750705402        3     1 0  1 1  0
  -7.36875070540166     
    21   -296.5834081867        3     0 1  1 1  0
  -296.583408186677     
    22    100.0340972276        3     2 0  0 0  1
   100.034097227572     
    23   -207.8850476515        3     1 1  0 0  1
  -207.885047651499     
    24    5387.764892638        3     0 2  0 0  1
   5387.76489263801     
    25    1.246289753677        3     0 0  2 0  1
   1.24628975367662     
    26   -39.65169361935        3     1 0  0 2  0
  -39.6516936193490     
    27   -426.8066952577        3     0 1  0 2  0
  -426.806695257673     
    28    63.01762824048        3     0 0  1 1  1
   63.0176282404844     
    29   -586.9918830116        3     1 0  0 0  2
  -586.991883011616     
    30    1190.968545801        3     0 1  0 0  2
   1190.96854580058     
    31    391.7024087913        3     0 0  0 2  1
   391.702408791304     
    32    1003.696314009        3     0 0  0 0  3
   1003.69631400854     
    33   -9.537257610454        4     4 0  0 0  0
  -9.53725761045404     
    34   -80.46198220829        4     3 1  0 0  0
  -80.4619822082910     
    35   -1316.841246148        4     2 2  0 0  0
  -1316.84124614804     
    36   -10093.26006295        4     1 3  0 0  0
  -10093.2600629506     
    37   -82935.28602327        4     0 4  0 0  0
  -82935.2860232718     
    38   -1.154618088896        4     2 0  2 0  0
  -1.15461808889570     
    39   -2.894148803129        4     1 1  2 0  0
  -2.89414880312885     
    40   -78.64601334100        4     0 2  2 0  0
  -78.6460133409983     
    41  -0.6044400144613        4     0 0  4 0  0
 -0.604440014461287     
    42   -33.91663357883        4     2 0  1 1  0
  -33.9166335788305     
    43    155.9758904639        4     1 1  1 1  0
   155.975890463890     
    44   -2073.155801568        4     0 2  1 1  0
  -2073.15580156840     
    45    26.59726241618        4     0 0  3 1  0
   26.5972624161823     
    46    169.6806279765        4     3 0  0 0  1
   169.680627976483     
    47   -729.9640422160        4     2 1  0 0  1
  -729.964042216036     
    48    24205.16384354        4     1 2  0 0  1
   24205.1638435431     
    49   -202773.5553172        4     0 3  0 0  1
  -202773.555317176     
    50    15.75647990440        4     1 0  2 0  1
   15.7564799043977     
    51   -193.0956419035        4     0 1  2 0  1
  -193.095641903478     
    52   -2351.362187131        4     2 0  0 2  0
  -2351.36218713140     
    53    51.31430769235        4     1 1  0 2  0
   51.3143076923477     
    54   -146357.0750741        4     0 2  0 2  0
  -146357.075074053     
    55    36.81035873913        4     0 0  2 2  0
   36.8103587391342     
    56    495.2606433379        4     1 0  1 1  1
   495.260643337924     
    57   -4818.272268373        4     0 1  1 1  1
  -4818.27226837252     
    58   -1011.840973769        4     2 0  0 0  2
  -1011.84097376921     
    59    2639.476715835        4     1 1  0 0  2
   2639.47671583466     
    60   -61789.87524938        4     0 2  0 0  2
  -61789.8752493764     
    61   -17.91420785711        4     0 0  2 0  2
  -17.9142078571057     
    62    14805.95215955        4     0 0  1 3  0
   14805.9521595509     
    63    23463.83892278        4     1 0  0 2  1
   23463.8389227834     
    64    5292.186408983        4     0 1  0 2  1
   5292.18640898342     
    65   -490.5676588301        4     0 0  1 1  2
  -490.567658830117     
    66    2780.987294546        4     1 0  0 0  3
   2780.98729454626     
    67   -27145.86560064        4     0 1  0 0  3
  -27145.8656006439     
    68    146083.5015616        4     0 0  0 4  0
   146083.501561637     
    69   -69516.62115980        4     0 0  0 2  2
  -69516.6211597971     
    70   -2923.817206477        4     0 0  0 0  4
  -2923.81720647741     
                                      

 etall    1, NO =    4, NV =    5, INA =   19
 *********************************************

    I  COEFFICIENT          ORDER   EXPONENTS
     1   0.1472003970628E-17    0     0 0  0 0  0
  1.472003970627520E-018
     2  -0.7612636260535E-01    1     1 0  0 0  0
 -7.612636260535148E-002
     3   0.2560955906284        1     0 1  0 0  0
  0.256095590628443     
     4   0.1769463346313        1     0 0  0 0  1
  0.176946334631281     
     5  -0.1529649997961E-01    2     2 0  0 0  0
 -1.529649997960785E-002
     6  -0.4433398432404        2     1 1  0 0  0
 -0.443339843240385     
     7   -3.667090657988        2     0 2  0 0  0
  -3.66709065798822     
     8  -0.8159961920126E-03    2     0 0  2 0  0
 -8.159961920125736E-004
     9  -0.3229806622436E-01    2     0 0  1 1  0
 -3.229806622435816E-002
    10  -0.1091274478077        2     1 0  0 0  1
 -0.109127447807666     
    11   -3.663475034274        2     0 1  0 0  1
  -3.66347503427421     
    12   -4.531916589134        2     0 0  0 2  0
  -4.53191658913433     
    13   0.3341312048326        2     0 0  0 0  2
  0.334131204832571     
    14  -0.3380965327416        3     3 0  0 0  0
 -0.338096532741641     
    15   -15.73447293451        3     2 1  0 0  0
  -15.7344729345109     
    16   -58.38219993370        3     1 2  0 0  0
  -58.3821999337004     
    17   -2479.024082021        3     0 3  0 0  0
  -2479.02408202116     
    18   0.1034523860446E-01    3     1 0  2 0  0
  1.034523860446270E-002
    19  -0.3800094542234E-01    3     0 1  2 0  0
 -3.800094542234489E-002
    20   -1.648574664063        3     1 0  1 1  0
  -1.64857466406289     
    21    11.28169603951        3     0 1  1 1  0
   11.2816960395061     
    22    2.235612584184        3     2 0  0 0  1
   2.23561258418404     
    23    66.95872023013        3     1 1  0 0  1
   66.9587202301314     
    24    61.70341617436        3     0 2  0 0  1
   61.7034161743555     
    25  -0.1951797322502E-01    3     0 0  2 0  1
 -1.951797322502416E-002
    26   -11.21173962257        3     1 0  0 2  0
  -11.2117396225704     
    27   -451.1454121496        3     0 1  0 2  0
  -451.145412149573     
    28    2.573348904510        3     0 0  1 1  1
   2.57334890450961     
    29   -12.41162822982        3     1 0  0 0  2
  -12.4116282298154     
    30   -440.2580190130        3     0 1  0 0  2
  -440.258019013032     
    31    11.25086761416        3     0 0  0 2  1
   11.2508676141616     
    32    20.08677952980        3     0 0  0 0  3
   20.0867795298025     
    33   0.2390466457070        4     4 0  0 0  0
  0.239046645707003     
    34   -3.276589033615        4     3 1  0 0  0
  -3.27658903361478     
    35   -40.75223881916        4     2 2  0 0  0
  -40.7522388191551     
    36   -22.65265449436        4     1 3  0 0  0
  -22.6526544943640     
    37   -10974.46233636        4     0 4  0 0  0
  -10974.4623363583     
    38   0.5953084634991E-03    4     2 0  2 0  0
  5.953084634990682E-004
    39  -0.7404707406539        4     1 1  2 0  0
 -0.740470740653917     
    40   -8.381402725056        4     0 2  2 0  0
  -8.38140272505622     
    41   0.6106012613789E-02    4     0 0  4 0  0
  6.106012613788805E-003
    42  -0.1766963293196        4     2 0  1 1  0
 -0.176696329319588     
    43   -26.65163698178        4     1 1  1 1  0
  -26.6516369817758     
    44    138.8270800159        4     0 2  1 1  0
   138.827080015857     
    45   -1.324846647319        4     0 0  3 1  0
  -1.32484664731879     
    46    5.557002720578        4     3 0  0 0  1
   5.55700272057773     
    47    112.6482767861        4     2 1  0 0  1
   112.648276786098     
    48    1516.375418250        4     1 2  0 0  1
   1516.37541824984     
    49    17733.96772770        4     0 3  0 0  1
   17733.9677276952     
    50   0.7092250896926E-01    4     1 0  2 0  1
  7.092250896925567E-002
    51    31.38148745902        4     0 1  2 0  1
   31.3814874590230     
    52   -50.49095482241        4     2 0  0 2  0
  -50.4909548224090     
    53   -1478.200652721        4     1 1  0 2  0
  -1478.20065272073     
    54   -1097.331495726        4     0 2  0 2  0
  -1097.33149572606     
    55   -9.366831154396        4     0 0  2 2  0
  -9.36683115439590     
    56   -26.64232981245        4     1 0  1 1  1
  -26.6423298124518     
    57   -116.7943186897        4     0 1  1 1  1
  -116.794318689743     
    58   -36.43405016134        4     2 0  0 0  2
  -36.4340501613423     
    59   -416.5705058043        4     1 1  0 0  2
  -416.570505804341     
    60   -5383.614226533        4     0 2  0 0  2
  -5383.61422653330     
    61   -1.128335741280        4     0 0  2 0  2
  -1.12833574127966     
    62   -709.5034680923        4     0 0  1 3  0
  -709.503468092262     
    63    750.9618463297        4     1 0  0 2  1
   750.961846329730     
    64    7068.908645567        4     0 1  0 2  1
   7068.90864556672     
    65    72.53885186519        4     0 0  1 1  2
   72.5388518651861     
    66    214.9446405882        4     1 0  0 0  3
   214.944640588241     
    67    725.4420847492        4     0 1  0 0  3
   725.442084749187     
    68   -3240.692597058        4     0 0  0 4  0
  -3240.69259705788     
    69   -1503.288210341        4     0 0  0 2  2
  -1503.28821034108     
    70   -382.5083491241        4     0 0  0 0  4
  -382.508349124059     
                                      

 etall    1, NO =    4, NV =    5, INA =   20
 *********************************************

    I  COEFFICIENT          ORDER   EXPONENTS
     1  -0.3756208208834        1     0 0  1 0  0
 -0.375620820883369     
     2    19.72397600771        1     0 0  0 1  0
   19.7239760077053     
     3  -0.2947526606232        2     1 0  1 0  0
 -0.294752660623228     
     4   0.4093674105743        2     0 1  1 0  0
  0.409367410574305     
     5   -3.722102567591        2     1 0  0 1  0
  -3.72210256759067     
     6   -40.56934524324        2     0 1  0 1  0
  -40.5693452432428     
     7    17.33204399835        2     0 0  1 0  1
   17.3320439983518     
     8    163.5581632046        2     0 0  0 1  1
   163.558163204557     
     9   -1.716730716408        3     2 0  1 0  0
  -1.71673071640764     
    10    6.850569890673        3     1 1  1 0  0
   6.85056989067259     
    11   -8.404762453859        3     0 2  1 0  0
  -8.40476245385925     
    12    11.09676601438        3     0 0  3 0  0
   11.0967660143752     
    13   -11.28768371639        3     2 0  0 1  0
  -11.2876837163897     
    14   -500.7215642792        3     1 1  0 1  0
  -500.721564279216     
    15    49.53243375600        3     0 2  0 1  0
   49.5324337559967     
    16    144.0266699297        3     0 0  2 1  0
   144.026669929688     
    17    5.423612369796        3     1 0  1 0  1
   5.42361236979614     
    18   -26.58645695455        3     0 1  1 0  1
  -26.5864569545507     
    19    5554.391920449        3     0 0  1 2  0
   5554.39192044867     
    20    179.6810388468        3     1 0  0 1  1
   179.681038846809     
    21    2046.555326388        3     0 1  0 1  1
   2046.55532638843     
    22   -3.890852881404        3     0 0  1 0  2
  -3.89085288140410     
    23    53539.23380321        3     0 0  0 3  0
   53539.2338032135     
    24   -4207.922622317        3     0 0  0 1  2
  -4207.92262231722     
    25   -2.402128576388        4     3 0  1 0  0
  -2.40212857638796     
    26   -73.32660382513        4     2 1  1 0  0
  -73.3266038251253     
    27   -454.1657501482        4     1 2  1 0  0
  -454.165750148209     
    28   -10168.88744399        4     0 3  1 0  0
  -10168.8874439879     
    29  -0.4773548467917        4     1 0  3 0  0
 -0.477354846791713     
    30    12.34189819959        4     0 1  3 0  0
   12.3418981995879     
    31   -11.06166496886        4     3 0  0 1  0
  -11.0616649688641     
    32   -797.2610005291        4     2 1  0 1  0
  -797.261000529112     
    33   -4649.950306784        4     1 2  0 1  0
  -4649.95030678360     
    34   -114243.0751845        4     0 3  0 1  0
  -114243.075184455     
    35    90.90143914489        4     1 0  2 1  0
   90.9014391448907     
    36    2386.024845953        4     0 1  2 1  0
   2386.02484595348     
    37    28.32006934223        4     2 0  1 0  1
   28.3200693422331     
    38    295.3845696745        4     1 1  1 0  1
   295.384569674479     
    39    6890.289831206        4     0 2  1 0  1
   6890.28983120572     
    40    68.18763077522        4     0 0  3 0  1
   68.1876307752245     
    41   -709.8481569489        4     1 0  1 2  0
  -709.848156948932     
    42    15151.45924273        4     0 1  1 2  0
   15151.4592427336     
    43    770.3527481537        4     2 0  0 1  1
   770.352748153676     
    44   -1834.713989696        4     1 1  0 1  1
  -1834.71398969601     
    45    110657.5146083        4     0 2  0 1  1
   110657.514608340     
    46   -4417.044755242        4     0 0  2 1  1
  -4417.04475524228     
    47   -97.90163924203        4     1 0  1 0  2
  -97.9016392420287     
    48   -1950.877714950        4     0 1  1 0  2
  -1950.87771495038     
    49    33089.89727905        4     1 0  0 3  0
   33089.8972790543     
    50    217987.4469726        4     0 1  0 3  0
   217987.446972557     
    51    13873.12330071        4     0 0  1 2  1
   13873.1233007145     
    52   -2988.195831307        4     1 0  0 1  2
  -2988.19583130748     
    53    6541.574760571        4     0 1  0 1  2
   6541.57476057095     
    54   -1078.448706911        4     0 0  1 0  3
  -1078.44870691089     
    55   -2242131.588878        4     0 0  0 3  1
  -2242131.58887823     
    56    21244.55667345        4     0 0  0 1  3
   21244.5566734549     
                                      

 etall    1, NO =    4, NV =    5, INA =   21
 *********************************************

    I  COEFFICIENT          ORDER   EXPONENTS
     1  -0.4163700367114E-01    1     0 0  1 0  0
 -4.163700367114283E-002
     2  -0.4758861293611        1     0 0  0 1  0
 -0.475886129361149     
     3   0.8290495555183E-03    2     1 0  1 0  0
  8.290495555183380E-004
     4  -0.1025227098792E-01    2     0 1  1 0  0
 -1.025227098791741E-002
     5  -0.8269149978814E-01    2     1 0  0 1  0
 -8.269149978814493E-002
     6   -4.477341533913        2     0 1  0 1  0
  -4.47734153391256     
     7  -0.3766820221736        2     0 0  1 0  1
 -0.376682022173615     
     8    15.95135132098        2     0 0  0 1  1
   15.9513513209836     
     9   0.1709219843018E-01    3     2 0  1 0  0
  1.709219843017717E-002
    10   -1.134949362867        3     1 1  1 0  0
  -1.13494936286704     
    11    5.347433289560        3     0 2  1 0  0
   5.34743328956017     
    12  -0.2285102106064        3     0 0  3 0  0
 -0.228510210606417     
    13   0.9934551193901E-01    3     2 0  0 1  0
  9.934551193900609E-002
    14   -1.175631524225        3     1 1  0 1  0
  -1.17563152422534     
    15   -270.6435689580        3     0 2  0 1  0
  -270.643568958011     
    16    9.793174211596        3     0 0  2 1  0
   9.79317421159629     
    17  -0.1043338948430        3     1 0  1 0  1
 -0.104333894842969     
    18    1.555309768706        3     0 1  1 0  1
   1.55530976870587     
    19   -79.12158342433        3     0 0  1 2  0
  -79.1215834243299     
    20   -1.901719619223        3     1 0  0 1  1
  -1.90171961922310     
    21   -46.55959235388        3     0 1  0 1  1
  -46.5595923538802     
    22    7.940834468827        3     0 0  1 0  2
   7.94083446882740     
    23    4985.776467895        3     0 0  0 3  0
   4985.77646789519     
    24    21.56543736933        3     0 0  0 1  2
   21.5654373693313     
    25   0.3079742128591E-01    4     3 0  1 0  0
  3.079742128591274E-002
    26   0.5488377653189        4     2 1  1 0  0
  0.548837765318861     
    27   -3.221176524519        4     1 2  1 0  0
  -3.22117652451853     
    28    40.94803754885        4     0 3  1 0  0
   40.9480375488493     
    29  -0.5194870870078E-01    4     1 0  3 0  0
 -5.194870870077879E-002
    30   -1.204315169864        4     0 1  3 0  0
  -1.20431516986400     
    31   0.6942403642841        4     3 0  0 1  0
  0.694240364284078     
    32   -12.91247194878        4     2 1  0 1  0
  -12.9124719487843     
    33    277.0209700162        4     1 2  0 1  0
   277.020970016176     
    34   -1546.445007526        4     0 3  0 1  0
  -1546.44500752633     
    35   -1.118373201058        4     1 0  2 1  0
  -1.11837320105778     
    36   -56.26264766755        4     0 1  2 1  0
  -56.2626476675498     
    37   -1.289839287729        4     2 0  1 0  1
  -1.28983928772927     
    38   -9.883370746977        4     1 1  1 0  1
  -9.88337074697738     
    39   -239.1007147837        4     0 2  1 0  1
  -239.100714783675     
    40    9.151145259399        4     0 0  3 0  1
   9.15114525939897     
    41    9.938367437707        4     1 0  1 2  0
   9.93836743770717     
    42    1080.057428998        4     0 1  1 2  0
   1080.05742899833     
    43    29.02875667966        4     2 0  0 1  1
   29.0287566796602     
    44    150.3031822640        4     1 1  0 1  1
   150.303182263990     
    45    1458.106604487        4     0 2  0 1  1
   1458.10660448652     
    46    116.9690490572        4     0 0  2 1  1
   116.969049057166     
    47    6.372620812871        4     1 0  1 0  2
   6.37262081287069     
    48    39.01996014835        4     0 1  1 0  2
   39.0199601483529     
    49   -841.7071796205        4     1 0  0 3  0
  -841.707179620484     
    50   -15420.08935434        4     0 1  0 3  0
  -15420.0893543355     
    51    4729.098731148        4     0 0  1 2  1
   4729.09873114800     
    52   -101.7300529867        4     1 0  0 1  2
  -101.730052986671     
    53    58.18417360141        4     0 1  0 1  2
   58.1841736014069     
    54   -36.94305009505        4     0 0  1 0  3
  -36.9430500950528     
    55    36206.04816269        4     0 0  0 3  1
   36206.0481626908     
    56   -1186.531818584        4     0 0  0 1  3
  -1186.53181858439     
                                      

 etall    1, NO =    4, NV =    5, INA =   22
 *********************************************

    I  COEFFICIENT          ORDER   EXPONENTS
     1    1.000000000000        1     0 0  0 0  1
   1.00000000000000     
                                      

 etall    1, NO =    4, NV =    5, INA =   30
 *********************************************

    I  COEFFICIENT          ORDER   EXPONENTS
     1  -0.2219335826226E-12    0     0 0  0 0  0
 -2.219335826225688E-013
     2   0.1768766465980        1     1 0  0 0  0
  0.176876646598044     
     3    1.729348426049        1     0 1  0 0  0
   1.72934842604892     
     4    16.57342001431        1     0 0  0 0  1
   16.5734200143140     
     5  -0.1642670168398        2     2 0  0 0  0
 -0.164267016839772     
     6   0.6819950662999E-02    2     1 1  0 0  0
  6.819950662999149E-003
     7   -20.58856583769        2     0 2  0 0  0
  -20.5885658376904     
     8   0.4188429228920        2     0 0  2 0  0
  0.418842922891990     
     9   0.6054267413806        2     0 0  1 1  0
  0.605426741380595     
    10    1.175514032662        2     1 0  0 0  1
   1.17551403266213     
    11    10.85671533154        2     0 1  0 0  1
   10.8567153315369     
    12    202.8051824301        2     0 0  0 2  0
   202.805182430096     
    13    4.730567081081        2     0 0  0 0  2
   4.73056708108072     
    14   0.6171542743034        3     3 0  0 0  0
  0.617154274303425     
    15    34.73962037816        3     2 1  0 0  0
   34.7396203781565     
    16    93.57941088587        3     1 2  0 0  0
   93.5794108858718     
    17    5563.227655850        3     0 3  0 0  0
   5563.22765584996     
    18  -0.1365556262463E-01    3     1 0  2 0  0
 -1.365556262462502E-002
    19   0.4552790642742        3     0 1  2 0  0
  0.455279064274236     
    20    5.018150519124        3     1 0  1 1  0
   5.01815051912449     
    21    44.30115586446        3     0 1  1 1  0
   44.3011558644615     
    22   -33.82351985429        3     2 0  0 0  1
  -33.8235198542858     
    23   -165.8503425791        3     1 1  0 0  1
  -165.850342579142     
    24   -4832.416406428        3     0 2  0 0  1
  -4832.41640642807     
    25   -2.928123759589        3     0 0  2 0  1
  -2.92812375958924     
    26  -0.5679072122309        3     1 0  0 2  0
 -0.567907212230942     
    27    843.2222934306        3     0 1  0 2  0
   843.222293430633     
    28   -22.33560838858        3     0 0  1 1  1
  -22.3356083885772     
    29    161.5553901421        3     1 0  0 0  2
   161.555390142132     
    30    1030.073496492        3     0 1  0 0  2
   1030.07349649217     
    31   -1448.589469564        3     0 0  0 2  1
  -1448.58946956442     
    32   -320.8574741610        3     0 0  0 0  3
  -320.857474160984     
    33    2.292630276664        4     4 0  0 0  0
   2.29263027666364     
    34   0.3075847842083        4     3 1  0 0  0
  0.307584784208297     
    35    895.7536261090        4     2 2  0 0  0
   895.753626109033     
    36   -1142.771039813        4     1 3  0 0  0
  -1142.77103981326     
    37    70585.97904014        4     0 4  0 0  0
   70585.9790401430     
    38   0.8646726593101        4     2 0  2 0  0
  0.864672659310130     
    39    14.62202876773        4     1 1  2 0  0
   14.6220287677331     
    40    125.1479925099        4     0 2  2 0  0
   125.147992509923     
    41  -0.4305370126435        4     0 0  4 0  0
 -0.430537012643536     
    42   -19.21344196492        4     2 0  1 1  0
  -19.2134419649219     
    43    246.9127681358        4     1 1  1 1  0
   246.912768135782     
    44    3548.390215886        4     0 2  1 1  0
   3548.39021588560     
    45   -3.929866118974        4     0 0  3 1  0
  -3.92986611897425     
    46   -49.25468281812        4     3 0  0 0  1
  -49.2546828181205     
    47   -243.4547060881        4     2 1  0 0  1
  -243.454706088116     
    48   -7681.704345406        4     1 2  0 0  1
  -7681.70434540604     
    49   -37863.90516942        4     0 3  0 0  1
  -37863.9051694189     
    50   -6.197479787373        4     1 0  2 0  1
  -6.19747978737310     
    51   -109.9781478319        4     0 1  2 0  1
  -109.978147831925     
    52    457.4024462976        4     2 0  0 2  0
   457.402446297585     
    53   -2369.925123064        4     1 1  0 2  0
  -2369.92512306383     
    54    72667.03952052        4     0 2  0 2  0
   72667.0395205209     
    55   -242.6423144546        4     0 0  2 2  0
  -242.642314454558     
    56    122.2622243204        4     1 0  1 1  1
   122.262224320354     
    57   -161.4939036820        4     0 1  1 1  1
  -161.493903682035     
    58    323.6763839768        4     2 0  0 0  2
   323.676383976797     
    59    817.2069460407        4     1 1  0 0  2
   817.206946040718     
    60    35614.44173930        4     0 2  0 0  2
   35614.4417392995     
    61    19.19007122542        4     0 0  2 0  2
   19.1900712254196     
    62   -1548.370405231        4     0 0  1 3  0
  -1548.37040523103     
    63   -5973.416085579        4     1 0  0 2  1
  -5973.41608557937     
    64   -2530.979960815        4     0 1  0 2  1
  -2530.97996081480     
    65   -7.817935037307        4     0 0  1 1  2
  -7.81793503730690     
    66   -1181.686078363        4     1 0  0 0  3
  -1181.68607836252     
    67   -1599.755642512        4     0 1  0 0  3
  -1599.75564251153     
    68   -26895.08300729        4     0 0  0 4  0
  -26895.0830072869     
    69    18951.14949243        4     0 0  0 2  2
   18951.1494924264     
    70    1700.252901649        4     0 0  0 0  4
   1700.25290164904     
                                      
