# Turn	Orbit_Min_x	Orbit_Max_x	Orbit_Min_y	Orbit_Max_y
0	-0.000000	0.000000	0.000000	0.000000
1	-0.029637	0.036755	0.000000	0.000000
2	-0.029635	0.036754	0.000000	0.000000
3	-0.029633	0.036752	0.000000	0.000000
4	-0.029631	0.036751	0.000000	0.000000
5	-0.029629	0.036749	0.000000	0.000000
6	-0.029627	0.036747	0.000000	0.000000
7	-0.029625	0.036746	0.000000	0.000000
8	-0.029623	0.036744	0.000000	0.000000
9	-0.029621	0.036743	0.000000	0.000000
10	-0.029619	0.036741	0.000000	0.000000
11	-0.029615	0.036737	0.000000	0.000000
12	-0.029610	0.036732	0.000000	0.000000
13	-0.029605	0.036727	0.000000	0.000000
14	-0.029600	0.036721	0.000000	0.000000
15	-0.029596	0.036716	0.000000	0.000000
16	-0.029591	0.036711	0.000000	0.000000
17	-0.029586	0.036706	0.000000	0.000000
18	-0.029581	0.036701	0.000000	0.000000
19	-0.029576	0.036696	0.000000	0.000000
20	-0.029571	0.036691	0.000000	0.000000
21	-0.029563	0.036683	0.000000	0.000000
22	-0.029555	0.036675	0.000000	0.000000
23	-0.029547	0.036667	0.000000	0.000000
24	-0.029538	0.036659	0.000000	0.000000
25	-0.029530	0.036651	0.000000	0.000000
26	-0.029522	0.036643	0.000000	0.000000
27	-0.029513	0.036634	0.000000	0.000000
28	-0.029505	0.036626	0.000000	0.000000
29	-0.029497	0.036618	0.000000	0.000000
30	-0.029488	0.036610	0.000000	0.000000
31	-0.029477	0.036599	0.000000	0.000000
32	-0.029465	0.036588	0.000000	0.000000
33	-0.029454	0.036577	0.000000	0.000000
34	-0.029442	0.036566	0.000000	0.000000
35	-0.029430	0.036555	0.000000	0.000000
36	-0.029418	0.036544	0.000000	0.000000
37	-0.029407	0.036532	0.000000	0.000000
38	-0.029395	0.036521	0.000000	0.000000
39	-0.029383	0.036510	0.000000	0.000000
40	-0.029371	0.036499	0.000000	0.000000
41	-0.029358	0.036484	0.000000	0.000000
42	-0.029344	0.036468	0.000000	0.000000
43	-0.029331	0.036452	0.000000	0.000000
44	-0.029317	0.036436	0.000000	0.000000
45	-0.029304	0.036420	0.000000	0.000000
46	-0.029290	0.036404	0.000000	0.000000
47	-0.029276	0.036388	0.000000	0.000000
48	-0.029263	0.036372	0.000000	0.000000
49	-0.029249	0.036356	0.000000	0.000000
50	-0.029235	0.036340	0.000000	0.000000
51	-0.029220	0.036320	0.000000	0.000000
52	-0.029204	0.036300	0.000000	0.000000
53	-0.029188	0.036280	0.000000	0.000000
54	-0.029172	0.036259	0.000000	0.000000
55	-0.029156	0.036239	0.000000	0.000000
56	-0.029141	0.036219	0.000000	0.000000
57	-0.029125	0.036198	0.000000	0.000000
58	-0.029109	0.036178	0.000000	0.000000
59	-0.029093	0.036158	0.000000	0.000000
60	-0.029077	0.036137	0.000000	0.000000
61	-0.029058	0.036116	0.000000	0.000000
62	-0.029037	0.036094	0.000000	0.000000
63	-0.029017	0.036072	0.000000	0.000000
64	-0.028996	0.036050	0.000000	0.000000
65	-0.028976	0.036028	0.000000	0.000000
66	-0.028955	0.036005	0.000000	0.000000
67	-0.028935	0.035983	0.000000	0.000000
68	-0.028914	0.035961	0.000000	0.000000
69	-0.028894	0.035939	0.000000	0.000000
70	-0.028873	0.035917	0.000000	0.000000
71	-0.028852	0.035891	0.000000	0.000000
72	-0.028830	0.035865	0.000000	0.000000
73	-0.028807	0.035838	0.000000	0.000000
74	-0.028785	0.035812	0.000000	0.000000
75	-0.028763	0.035785	0.000000	0.000000
76	-0.028741	0.035758	0.000000	0.000000
77	-0.028719	0.035732	0.000000	0.000000
78	-0.028697	0.035705	0.000000	0.000000
79	-0.028675	0.035679	0.000000	0.000000
80	-0.028652	0.035652	0.000000	0.000000
81	-0.028628	0.035623	0.000000	0.000000
82	-0.028602	0.035593	0.000000	0.000000
83	-0.028577	0.035563	0.000000	0.000000
84	-0.028552	0.035533	0.000000	0.000000
85	-0.028526	0.035503	0.000000	0.000000
86	-0.028501	0.035473	0.000000	0.000000
87	-0.028475	0.035444	0.000000	0.000000
88	-0.028450	0.035414	0.000000	0.000000
89	-0.028425	0.035384	0.000000	0.000000
90	-0.028399	0.035354	0.000000	0.000000
91	-0.028372	0.035321	0.000000	0.000000
92	-0.028343	0.035288	0.000000	0.000000
93	-0.028315	0.035255	0.000000	0.000000
94	-0.028287	0.035222	0.000000	0.000000
95	-0.028259	0.035189	0.000000	0.000000
96	-0.028231	0.035156	0.000000	0.000000
97	-0.028202	0.035123	0.000000	0.000000
98	-0.028174	0.035090	0.000000	0.000000
99	-0.028146	0.035057	0.000000	0.000000
100	-0.028118	0.035024	0.000000	0.000000
101	-0.028087	0.034988	0.000000	0.000000
102	-0.028055	0.034952	0.000000	0.000000
103	-0.028023	0.034916	0.000000	0.000000
104	-0.027992	0.034880	0.000000	0.000000
105	-0.027960	0.034844	0.000000	0.000000
106	-0.027929	0.034808	0.000000	0.000000
107	-0.027897	0.034772	0.000000	0.000000
108	-0.027865	0.034736	0.000000	0.000000
109	-0.027834	0.034699	0.000000	0.000000
110	-0.027802	0.034663	0.000000	0.000000
111	-0.027769	0.034623	0.000000	0.000000
112	-0.027736	0.034583	0.000000	0.000000
113	-0.027703	0.034542	0.000000	0.000000
114	-0.027669	0.034502	0.000000	0.000000
115	-0.027636	0.034461	0.000000	0.000000
116	-0.027603	0.034421	0.000000	0.000000
117	-0.027569	0.034380	0.000000	0.000000
118	-0.027536	0.034340	0.000000	0.000000
119	-0.027503	0.034299	0.000000	0.000000
120	-0.027469	0.034258	0.000000	0.000000
121	-0.027433	0.034215	0.000000	0.000000
122	-0.027397	0.034172	0.000000	0.000000
123	-0.027361	0.034128	0.000000	0.000000
124	-0.027324	0.034085	0.000000	0.000000
125	-0.027288	0.034041	0.000000	0.000000
126	-0.027252	0.033998	0.000000	0.000000
127	-0.027215	0.033954	0.000000	0.000000
128	-0.027179	0.033910	0.000000	0.000000
129	-0.027143	0.033867	0.000000	0.000000
130	-0.027106	0.033823	0.000000	0.000000
131	-0.027067	0.033777	0.000000	0.000000
132	-0.027028	0.033730	0.000000	0.000000
133	-0.026989	0.033684	0.000000	0.000000
134	-0.026950	0.033637	0.000000	0.000000
135	-0.026911	0.033590	0.000000	0.000000
136	-0.026871	0.033544	0.000000	0.000000
137	-0.026832	0.033497	0.000000	0.000000
138	-0.026793	0.033450	0.000000	0.000000
139	-0.026754	0.033403	0.000000	0.000000
140	-0.026714	0.033357	0.000000	0.000000
141	-0.026673	0.033307	0.000000	0.000000
142	-0.026631	0.033258	0.000000	0.000000
143	-0.026590	0.033208	0.000000	0.000000
144	-0.026548	0.033158	0.000000	0.000000
145	-0.026506	0.033108	0.000000	0.000000
146	-0.026464	0.033058	0.000000	0.000000
147	-0.026423	0.033009	0.000000	0.000000
148	-0.026381	0.032959	0.000000	0.000000
149	-0.026339	0.032909	0.000000	0.000000
150	-0.026297	0.032859	0.000000	0.000000
151	-0.026253	0.032807	0.000000	0.000000
152	-0.026208	0.032754	0.000000	0.000000
153	-0.026163	0.032701	0.000000	0.000000
154	-0.026119	0.032649	0.000000	0.000000
155	-0.026074	0.032596	0.000000	0.000000
156	-0.026029	0.032543	0.000000	0.000000
157	-0.025984	0.032491	0.000000	0.000000
158	-0.025939	0.032438	0.000000	0.000000
159	-0.025895	0.032385	0.000000	0.000000
160	-0.025850	0.032332	0.000000	0.000000
161	-0.025803	0.032276	0.000000	0.000000
162	-0.025757	0.032219	0.000000	0.000000
163	-0.025710	0.032162	0.000000	0.000000
164	-0.025663	0.032105	0.000000	0.000000
165	-0.025617	0.032048	0.000000	0.000000
166	-0.025570	0.031991	0.000000	0.000000
167	-0.025523	0.031934	0.000000	0.000000
168	-0.025477	0.031877	0.000000	0.000000
169	-0.025430	0.031820	0.000000	0.000000
170	-0.025383	0.031764	0.000000	0.000000
171	-0.025334	0.031705	0.000000	0.000000
172	-0.025284	0.031646	0.000000	0.000000
173	-0.025233	0.031588	0.000000	0.000000
174	-0.025183	0.031529	0.000000	0.000000
175	-0.025133	0.031471	0.000000	0.000000
176	-0.025083	0.031412	0.000000	0.000000
177	-0.025033	0.031353	0.000000	0.000000
178	-0.024983	0.031295	0.000000	0.000000
179	-0.024933	0.031236	0.000000	0.000000
180	-0.024883	0.031177	0.000000	0.000000
181	-0.024833	0.031113	0.000000	0.000000
182	-0.024783	0.031048	0.000000	0.000000
183	-0.024733	0.030983	0.000000	0.000000
184	-0.024683	0.030918	0.000000	0.000000
185	-0.024633	0.030853	0.000000	0.000000
186	-0.024583	0.030787	0.000000	0.000000
187	-0.024533	0.030722	0.000000	0.000000
188	-0.024483	0.030657	0.000000	0.000000
189	-0.024434	0.030592	0.000000	0.000000
190	-0.024384	0.030527	0.000000	0.000000
191	-0.024329	0.030462	0.000000	0.000000
192	-0.024275	0.030397	0.000000	0.000000
193	-0.024220	0.030333	0.000000	0.000000
194	-0.024165	0.030268	0.000000	0.000000
195	-0.024110	0.030203	0.000000	0.000000
196	-0.024056	0.030138	0.000000	0.000000
197	-0.024001	0.030074	0.000000	0.000000
198	-0.023946	0.030009	0.000000	0.000000
199	-0.023892	0.029944	0.000000	0.000000
200	-0.023837	0.029880	0.000000	0.000000
201	-0.023780	0.029811	0.000000	0.000000
202	-0.023724	0.029742	0.000000	0.000000
203	-0.023667	0.029674	0.000000	0.000000
204	-0.023610	0.029605	0.000000	0.000000
205	-0.023554	0.029536	0.000000	0.000000
206	-0.023497	0.029467	0.000000	0.000000
207	-0.023440	0.029398	0.000000	0.000000
208	-0.023384	0.029329	0.000000	0.000000
209	-0.023327	0.029261	0.000000	0.000000
210	-0.023271	0.029192	0.000000	0.000000
211	-0.023212	0.029121	0.000000	0.000000
212	-0.023153	0.029050	0.000000	0.000000
213	-0.023094	0.028979	0.000000	0.000000
214	-0.023035	0.028908	0.000000	0.000000
215	-0.022976	0.028837	0.000000	0.000000
216	-0.022917	0.028765	0.000000	0.000000
217	-0.022858	0.028694	0.000000	0.000000
218	-0.022798	0.028623	0.000000	0.000000
219	-0.022739	0.028552	0.000000	0.000000
220	-0.022680	0.028481	0.000000	0.000000
221	-0.022620	0.028407	0.000000	0.000000
222	-0.022559	0.028332	0.000000	0.000000
223	-0.022498	0.028258	0.000000	0.000000
224	-0.022437	0.028183	0.000000	0.000000
225	-0.022377	0.028108	0.000000	0.000000
226	-0.022316	0.028034	0.000000	0.000000
227	-0.022255	0.027959	0.000000	0.000000
228	-0.022194	0.027885	0.000000	0.000000
229	-0.022134	0.027810	0.000000	0.000000
230	-0.022073	0.027736	0.000000	0.000000
231	-0.022010	0.027658	0.000000	0.000000
232	-0.021947	0.027581	0.000000	0.000000
233	-0.021884	0.027503	0.000000	0.000000
234	-0.021821	0.027425	0.000000	0.000000
235	-0.021759	0.027348	0.000000	0.000000
236	-0.021696	0.027270	0.000000	0.000000
237	-0.021633	0.027193	0.000000	0.000000
238	-0.021570	0.027115	0.000000	0.000000
239	-0.021507	0.027037	0.000000	0.000000
240	-0.021444	0.026960	0.000000	0.000000
241	-0.021379	0.026880	0.000000	0.000000
242	-0.021314	0.026800	0.000000	0.000000
243	-0.021249	0.026720	0.000000	0.000000
244	-0.021184	0.026640	0.000000	0.000000
245	-0.021119	0.026560	0.000000	0.000000
246	-0.021054	0.026479	0.000000	0.000000
247	-0.020989	0.026399	0.000000	0.000000
248	-0.020925	0.026319	0.000000	0.000000
249	-0.020860	0.026239	0.000000	0.000000
250	-0.020795	0.026159	0.000000	0.000000
251	-0.020728	0.026076	0.000000	0.000000
252	-0.020661	0.025994	0.000000	0.000000
253	-0.020594	0.025911	0.000000	0.000000
254	-0.020526	0.025828	0.000000	0.000000
255	-0.020459	0.025746	0.000000	0.000000
256	-0.020392	0.025663	0.000000	0.000000
257	-0.020325	0.025580	0.000000	0.000000
258	-0.020258	0.025498	0.000000	0.000000
259	-0.020191	0.025415	0.000000	0.000000
260	-0.020124	0.025332	0.000000	0.000000
261	-0.020055	0.025248	0.000000	0.000000
262	-0.019986	0.025163	0.000000	0.000000
263	-0.019917	0.025078	0.000000	0.000000
264	-0.019848	0.024993	0.000000	0.000000
265	-0.019779	0.024908	0.000000	0.000000
266	-0.019709	0.024823	0.000000	0.000000
267	-0.019640	0.024738	0.000000	0.000000
268	-0.019571	0.024653	0.000000	0.000000
269	-0.019502	0.024568	0.000000	0.000000
270	-0.019433	0.024482	0.000000	0.000000
271	-0.019362	0.024395	0.000000	0.000000
272	-0.019292	0.024307	0.000000	0.000000
273	-0.019221	0.024219	0.000000	0.000000
274	-0.019150	0.024131	0.000000	0.000000
275	-0.019079	0.024043	0.000000	0.000000
276	-0.019009	0.023955	0.000000	0.000000
277	-0.018938	0.023868	0.000000	0.000000
278	-0.018867	0.023780	0.000000	0.000000
279	-0.018797	0.023692	0.000000	0.000000
280	-0.018726	0.023604	0.000000	0.000000
281	-0.018653	0.023514	0.000000	0.000000
282	-0.018581	0.023424	0.000000	0.000000
283	-0.018508	0.023334	0.000000	0.000000
284	-0.018435	0.023244	0.000000	0.000000
285	-0.018362	0.023155	0.000000	0.000000
286	-0.018290	0.023065	0.000000	0.000000
287	-0.018217	0.022975	0.000000	0.000000
288	-0.018144	0.022885	0.000000	0.000000
289	-0.018072	0.022795	0.000000	0.000000
290	-0.017999	0.022705	0.000000	0.000000
291	-0.017924	0.022613	0.000000	0.000000
292	-0.017850	0.022521	0.000000	0.000000
293	-0.017775	0.022429	0.000000	0.000000
294	-0.017700	0.022337	0.000000	0.000000
295	-0.017626	0.022245	0.000000	0.000000
296	-0.017551	0.022152	0.000000	0.000000
297	-0.017477	0.022060	0.000000	0.000000
298	-0.017402	0.021968	0.000000	0.000000
299	-0.017327	0.021876	0.000000	0.000000
300	-0.017253	0.021784	0.000000	0.000000
301	-0.017177	0.021689	0.000000	0.000000
302	-0.017101	0.021594	0.000000	0.000000
303	-0.017025	0.021500	0.000000	0.000000
304	-0.016949	0.021405	0.000000	0.000000
305	-0.016874	0.021310	0.000000	0.000000
306	-0.016798	0.021215	0.000000	0.000000
307	-0.016722	0.021120	0.000000	0.000000
308	-0.016646	0.021025	0.000000	0.000000
309	-0.016571	0.020931	0.000000	0.000000
310	-0.016495	0.020836	0.000000	0.000000
311	-0.016417	0.020739	0.000000	0.000000
312	-0.016339	0.020643	0.000000	0.000000
313	-0.016262	0.020546	0.000000	0.000000
314	-0.016184	0.020449	0.000000	0.000000
315	-0.016106	0.020353	0.000000	0.000000
316	-0.016029	0.020256	0.000000	0.000000
317	-0.015951	0.020160	0.000000	0.000000
318	-0.015873	0.020063	0.000000	0.000000
319	-0.015796	0.019967	0.000000	0.000000
320	-0.015718	0.019870	0.000000	0.000000
321	-0.015639	0.019771	0.000000	0.000000
322	-0.015561	0.019672	0.000000	0.000000
323	-0.015482	0.019573	0.000000	0.000000
324	-0.015403	0.019474	0.000000	0.000000
325	-0.015324	0.019375	0.000000	0.000000
326	-0.015245	0.019276	0.000000	0.000000
327	-0.015167	0.019177	0.000000	0.000000
328	-0.015088	0.019078	0.000000	0.000000
329	-0.015009	0.018978	0.000000	0.000000
330	-0.014930	0.018879	0.000000	0.000000
331	-0.014850	0.018779	0.000000	0.000000
332	-0.014769	0.018678	0.000000	0.000000
333	-0.014688	0.018578	0.000000	0.000000
334	-0.014608	0.018477	0.000000	0.000000
335	-0.014527	0.018377	0.000000	0.000000
336	-0.014446	0.018276	0.000000	0.000000
337	-0.014366	0.018176	0.000000	0.000000
338	-0.014285	0.018075	0.000000	0.000000
339	-0.014204	0.017975	0.000000	0.000000
340	-0.014124	0.017874	0.000000	0.000000
341	-0.014042	0.017772	0.000000	0.000000
342	-0.013960	0.017669	0.000000	0.000000
343	-0.013879	0.017567	0.000000	0.000000
344	-0.013797	0.017465	0.000000	0.000000
345	-0.013715	0.017362	0.000000	0.000000
346	-0.013633	0.017260	0.000000	0.000000
347	-0.013552	0.017157	0.000000	0.000000
348	-0.013470	0.017055	0.000000	0.000000
349	-0.013388	0.016952	0.000000	0.000000
350	-0.013306	0.016850	0.000000	0.000000
351	-0.013223	0.016745	0.000000	0.000000
352	-0.013140	0.016641	0.000000	0.000000
353	-0.013058	0.016536	0.000000	0.000000
354	-0.012975	0.016432	0.000000	0.000000
355	-0.012892	0.016327	0.000000	0.000000
356	-0.012809	0.016223	0.000000	0.000000
357	-0.012726	0.016119	0.000000	0.000000
358	-0.012643	0.016014	0.000000	0.000000
359	-0.012560	0.015910	0.000000	0.000000
360	-0.012477	0.015805	0.000000	0.000000
361	-0.012392	0.015700	0.000000	0.000000
362	-0.012308	0.015595	0.000000	0.000000
363	-0.012223	0.015489	0.000000	0.000000
364	-0.012138	0.015384	0.000000	0.000000
365	-0.012053	0.015279	0.000000	0.000000
366	-0.011969	0.015173	0.000000	0.000000
367	-0.011884	0.015068	0.000000	0.000000
368	-0.011799	0.014963	0.000000	0.000000
369	-0.011715	0.014857	0.000000	0.000000
370	-0.011630	0.014752	0.000000	0.000000
371	-0.011545	0.014644	0.000000	0.000000
372	-0.011460	0.014537	0.000000	0.000000
373	-0.011375	0.014429	0.000000	0.000000
374	-0.011290	0.014321	0.000000	0.000000
375	-0.011205	0.014213	0.000000	0.000000
376	-0.011120	0.014105	0.000000	0.000000
377	-0.011035	0.013997	0.000000	0.000000
378	-0.010950	0.013889	0.000000	0.000000
379	-0.010865	0.013782	0.000000	0.000000
380	-0.010780	0.013674	0.000000	0.000000
381	-0.010694	0.013565	0.000000	0.000000
382	-0.010608	0.013455	0.000000	0.000000
383	-0.010522	0.013346	0.000000	0.000000
384	-0.010436	0.013237	0.000000	0.000000
385	-0.010350	0.013128	0.000000	0.000000
386	-0.010264	0.013019	0.000000	0.000000
387	-0.010178	0.012909	0.000000	0.000000
388	-0.010092	0.012800	0.000000	0.000000
389	-0.010006	0.012691	0.000000	0.000000
390	-0.009920	0.012582	0.000000	0.000000
391	-0.009832	0.012472	0.000000	0.000000
392	-0.009744	0.012363	0.000000	0.000000
393	-0.009657	0.012253	0.000000	0.000000
394	-0.009569	0.012143	0.000000	0.000000
395	-0.009481	0.012034	0.000000	0.000000
396	-0.009393	0.011924	0.000000	0.000000
397	-0.009306	0.011815	0.000000	0.000000
398	-0.009218	0.011705	0.000000	0.000000
399	-0.009130	0.011596	0.000000	0.000000
400	-0.009043	0.011486	0.000000	0.000000
401	-0.008954	0.011375	0.000000	0.000000
402	-0.008866	0.011263	0.000000	0.000000
403	-0.008778	0.011152	0.000000	0.000000
404	-0.008690	0.011040	0.000000	0.000000
405	-0.008602	0.010929	0.000000	0.000000
406	-0.008514	0.010817	0.000000	0.000000
407	-0.008426	0.010706	0.000000	0.000000
408	-0.008338	0.010595	0.000000	0.000000
409	-0.008250	0.010483	0.000000	0.000000
410	-0.008162	0.010372	0.000000	0.000000
411	-0.008074	0.010259	0.000000	0.000000
412	-0.007985	0.010146	0.000000	0.000000
413	-0.007897	0.010034	0.000000	0.000000
414	-0.007808	0.009921	0.000000	0.000000
415	-0.007719	0.009808	0.000000	0.000000
416	-0.007631	0.009695	0.000000	0.000000
417	-0.007542	0.009583	0.000000	0.000000
418	-0.007453	0.009470	0.000000	0.000000
419	-0.007365	0.009357	0.000000	0.000000
420	-0.007276	0.009244	0.000000	0.000000
421	-0.007186	0.009131	0.000000	0.000000
422	-0.007096	0.009018	0.000000	0.000000
423	-0.007007	0.008905	0.000000	0.000000
424	-0.006917	0.008792	0.000000	0.000000
425	-0.006827	0.008679	0.000000	0.000000
426	-0.006737	0.008566	0.000000	0.000000
427	-0.006647	0.008453	0.000000	0.000000
428	-0.006557	0.008340	0.000000	0.000000
429	-0.006468	0.008227	0.000000	0.000000
430	-0.006378	0.008114	0.000000	0.000000
431	-0.006288	0.008000	0.000000	0.000000
432	-0.006197	0.007886	0.000000	0.000000
433	-0.006107	0.007772	0.000000	0.000000
434	-0.006017	0.007658	0.000000	0.000000
435	-0.005927	0.007544	0.000000	0.000000
436	-0.005836	0.007430	0.000000	0.000000
437	-0.005746	0.007316	0.000000	0.000000
438	-0.005656	0.007202	0.000000	0.000000
439	-0.005566	0.007088	0.000000	0.000000
440	-0.005475	0.006974	0.000000	0.000000
441	-0.005385	0.006858	0.000000	0.000000
442	-0.005294	0.006743	0.000000	0.000000
443	-0.005204	0.006628	0.000000	0.000000
444	-0.005113	0.006513	0.000000	0.000000
445	-0.005023	0.006397	0.000000	0.000000
446	-0.004932	0.006282	0.000000	0.000000
447	-0.004842	0.006167	0.000000	0.000000
448	-0.004752	0.006052	0.000000	0.000000
449	-0.004661	0.005937	0.000000	0.000000
450	-0.004571	0.005821	0.000000	0.000000
451	-0.004480	0.005706	0.000000	0.000000
452	-0.004388	0.005590	0.000000	0.000000
453	-0.004297	0.005474	0.000000	0.000000
454	-0.004206	0.005359	0.000000	0.000000
455	-0.004115	0.005243	0.000000	0.000000
456	-0.004024	0.005128	0.000000	0.000000
457	-0.003933	0.005012	0.000000	0.000000
458	-0.003842	0.004896	0.000000	0.000000
459	-0.003751	0.004781	0.000000	0.000000
460	-0.003660	0.004665	0.000000	0.000000
461	-0.003569	0.004549	0.000000	0.000000
462	-0.003477	0.004432	0.000000	0.000000
463	-0.003386	0.004316	0.000000	0.000000
464	-0.003295	0.004200	0.000000	0.000000
465	-0.003203	0.004084	0.000000	0.000000
466	-0.003112	0.003967	0.000000	0.000000
467	-0.003021	0.003851	0.000000	0.000000
468	-0.002930	0.003735	0.000000	0.000000
469	-0.002838	0.003618	0.000000	0.000000
470	-0.002747	0.003502	0.000000	0.000000
471	-0.002656	0.003385	0.000000	0.000000
472	-0.002564	0.003268	0.000000	0.000000
473	-0.002473	0.003151	0.000000	0.000000
474	-0.002382	0.003035	0.000000	0.000000
475	-0.002290	0.002918	0.000000	0.000000
476	-0.002199	0.002801	0.000000	0.000000
477	-0.002108	0.002684	0.000000	0.000000
478	-0.002016	0.002567	0.000000	0.000000
479	-0.001925	0.002450	0.000000	0.000000
480	-0.001834	0.002333	0.000000	0.000000
481	-0.001742	0.002217	0.000000	0.000000
482	-0.001650	0.002100	0.000000	0.000000
483	-0.001558	0.001984	0.000000	0.000000
484	-0.001466	0.001867	0.000000	0.000000
485	-0.001374	0.001751	0.000000	0.000000
486	-0.001282	0.001634	0.000000	0.000000
487	-0.001190	0.001518	0.000000	0.000000
488	-0.001098	0.001401	0.000000	0.000000
489	-0.001006	0.001285	0.000000	0.000000
490	-0.000914	0.001168	0.000000	0.000000
491	-0.000822	0.001051	0.000000	0.000000
492	-0.000731	0.000934	0.000000	0.000000
493	-0.000639	0.000816	0.000000	0.000000
494	-0.000547	0.000699	0.000000	0.000000
495	-0.000456	0.000582	0.000000	0.000000
496	-0.000364	0.000464	0.000000	0.000000
497	-0.000273	0.000347	0.000000	0.000000
498	-0.000181	0.000230	0.000000	0.000000
499	-0.000089	0.000112	0.000000	0.000000
500	-0.000000	-0.000000	0.000000	0.000000
501	-0.000000	-0.000000	0.000000	0.000000
502	-0.000000	-0.000000	0.000000	0.000000
503	-0.000000	-0.000000	0.000000	0.000000
504	-0.000000	-0.000000	0.000000	0.000000
505	-0.000000	-0.000000	0.000000	0.000000
506	-0.000000	-0.000000	0.000000	0.000000
507	-0.000000	-0.000000	0.000000	0.000000
508	-0.000000	-0.000000	0.000000	0.000000
509	-0.000000	-0.000000	0.000000	0.000000
510	-0.000000	-0.000000	0.000000	0.000000
511	-0.000000	-0.000000	0.000000	0.000000
512	-0.000000	-0.000000	0.000000	0.000000
513	-0.000000	-0.000000	0.000000	0.000000
514	-0.000000	-0.000000	0.000000	0.000000
515	-0.000000	-0.000000	0.000000	0.000000
516	-0.000000	-0.000000	0.000000	0.000000
517	-0.000000	-0.000000	0.000000	0.000000
518	-0.000000	-0.000000	0.000000	0.000000
519	-0.000000	-0.000000	0.000000	0.000000
520	-0.000000	-0.000000	0.000000	0.000000
521	-0.000000	-0.000000	0.000000	0.000000
522	-0.000000	-0.000000	0.000000	0.000000
523	-0.000000	-0.000000	0.000000	0.000000
524	-0.000000	-0.000000	0.000000	0.000000
525	-0.000000	-0.000000	0.000000	0.000000
526	-0.000000	-0.000000	0.000000	0.000000
527	-0.000000	-0.000000	0.000000	0.000000
528	-0.000000	-0.000000	0.000000	0.000000
529	-0.000000	-0.000000	0.000000	0.000000
530	-0.000000	-0.000000	0.000000	0.000000
531	-0.000000	-0.000000	0.000000	0.000000
532	-0.000000	-0.000000	0.000000	0.000000
533	-0.000000	-0.000000	0.000000	0.000000
534	-0.000000	-0.000000	0.000000	0.000000
535	-0.000000	-0.000000	0.000000	0.000000
536	-0.000000	-0.000000	0.000000	0.000000
537	-0.000000	-0.000000	0.000000	0.000000
538	-0.000000	-0.000000	0.000000	0.000000
539	-0.000000	-0.000000	0.000000	0.000000
540	-0.000000	-0.000000	0.000000	0.000000
541	-0.000000	-0.000000	0.000000	0.000000
542	-0.000000	-0.000000	0.000000	0.000000
543	-0.000000	-0.000000	0.000000	0.000000
544	-0.000000	-0.000000	0.000000	0.000000
545	-0.000000	-0.000000	0.000000	0.000000
546	-0.000000	-0.000000	0.000000	0.000000
547	-0.000000	-0.000000	0.000000	0.000000
548	-0.000000	-0.000000	0.000000	0.000000
549	-0.000000	-0.000000	0.000000	0.000000
550	-0.000000	-0.000000	0.000000	0.000000
551	-0.000000	-0.000000	0.000000	0.000000
552	-0.000000	-0.000000	0.000000	0.000000
553	-0.000000	-0.000000	0.000000	0.000000
554	-0.000000	-0.000000	0.000000	0.000000
555	-0.000000	-0.000000	0.000000	0.000000
556	-0.000000	-0.000000	0.000000	0.000000
557	-0.000000	-0.000000	0.000000	0.000000
558	-0.000000	-0.000000	0.000000	0.000000
559	-0.000000	-0.000000	0.000000	0.000000
560	-0.000000	-0.000000	0.000000	0.000000
561	-0.000000	-0.000000	0.000000	0.000000
562	-0.000000	-0.000000	0.000000	0.000000
563	-0.000000	-0.000000	0.000000	0.000000
564	-0.000000	-0.000000	0.000000	0.000000
565	-0.000000	-0.000000	0.000000	0.000000
566	-0.000000	-0.000000	0.000000	0.000000
567	-0.000000	-0.000000	0.000000	0.000000
568	-0.000000	-0.000000	0.000000	0.000000
569	-0.000000	-0.000000	0.000000	0.000000
570	-0.000000	-0.000000	0.000000	0.000000
571	-0.000000	-0.000000	0.000000	0.000000
572	-0.000000	-0.000000	0.000000	0.000000
573	-0.000000	-0.000000	0.000000	0.000000
574	-0.000000	-0.000000	0.000000	0.000000
575	-0.000000	-0.000000	0.000000	0.000000
576	-0.000000	-0.000000	0.000000	0.000000
577	-0.000000	-0.000000	0.000000	0.000000
578	-0.000000	-0.000000	0.000000	0.000000
579	-0.000000	-0.000000	0.000000	0.000000
580	-0.000000	-0.000000	0.000000	0.000000
581	-0.000000	-0.000000	0.000000	0.000000
582	-0.000000	-0.000000	0.000000	0.000000
583	-0.000000	-0.000000	0.000000	0.000000
584	-0.000000	-0.000000	0.000000	0.000000
585	-0.000000	-0.000000	0.000000	0.000000
586	-0.000000	-0.000000	0.000000	0.000000
587	-0.000000	-0.000000	0.000000	0.000000
588	-0.000000	-0.000000	0.000000	0.000000
589	-0.000000	-0.000000	0.000000	0.000000
590	-0.000000	-0.000000	0.000000	0.000000
591	-0.000000	-0.000000	0.000000	0.000000
592	-0.000000	-0.000000	0.000000	0.000000
593	-0.000000	-0.000000	0.000000	0.000000
594	-0.000000	-0.000000	0.000000	0.000000
595	-0.000000	-0.000000	0.000000	0.000000
596	-0.000000	-0.000000	0.000000	0.000000
597	-0.000000	-0.000000	0.000000	0.000000
598	-0.000000	-0.000000	0.000000	0.000000
599	-0.000000	-0.000000	0.000000	0.000000